1 0.38036346 
1 -0.4710604 
1 0.13111854 
1 -0.29532456 
1 0.3140632 
1 -0.10850179 
1 -0.06939125 
1 0.08435881 
1 -0.0013797283 
1 0.13276482 
1 -0.4609543 
1 -0.2996918 
1 0.30543184 
1 0.3050282 
1 0.38050258 
1 0.23055899 
1 0.474612 
1 -0.33967984 
1 0.113767505 
1 0.16415751 
1 0.22769082 
1 0.19068694 
1 0.43943655 
1 0.24432397 
1 -0.23299217 
1 -0.019146442 
1 0.44958758 
1 0.14302087 
1 -0.3441465 
1 -0.1968087 
1 0.3929894 
1 0.121436834 
1 -0.20499003 
1 0.2501179 
1 -0.18039346 
1 0.29283464 
1 -0.48276055 
1 0.480366 
1 0.34659076 
1 0.49712038 
1 0.30187702 
1 -0.09932649 
1 -0.0054181814 
1 0.42392588 
1 -0.09077144 
1 -0.31461632 
1 0.29130936 
1 -0.16003251 
1 -0.1704688 
1 -0.32800364 
1 0.45699537 
1 -0.22883177 
1 -0.017334819 
1 0.39727938 
1 -0.36266637 
1 -0.09275353 
1 0.060926914 
1 0.29198873 
1 0.10980117 
1 0.35881996 
1 0.15809977 
1 0.18203592 
1 0.21091068 
1 0.07662094 
1 -0.24278188 
1 0.12521529 
1 0.44331777 
1 0.4027549 
1 0.41737914 
1 0.08535838 
1 -0.49813664 
1 -0.23980272 
1 -0.1493696 
1 -0.36098135 
1 0.17854679 
1 0.34760344 
1 0.24982667 
1 -0.4883107 
1 0.19867289 
1 0.15842617 
1 0.11432207 
1 0.29561377 
1 0.2834127 
1 0.42211223 
1 -0.08570802 
1 0.023189306 
1 0.4390086 
1 -0.3795508 
1 -0.054264784 
1 0.4166466 
1 0.35765457 
1 -0.19556427 
1 0.3510474 
1 0.4376365 
1 -0.40286112 
1 0.090109944 
1 -0.46268833 
1 -0.32429636 
1 -0.07380426 
1 -0.20360959 
1 0.4507053 
1 -0.19085312 
1 0.45283043 
1 -0.032557487 
1 -0.047804475 
1 -0.46286237 
1 -0.12878048 
1 -0.30577087 
1 0.47793722 
1 0.46427608 
1 0.01926601 
1 0.48466647 
1 -0.3107456 
1 0.48344243 
1 -0.26954138 
1 -0.3535558 
1 -0.15650201 
1 0.41838026 
1 0.31114197 
1 0.36660755 
1 -0.29090238 
1 -0.12622583 
1 0.4722154 
1 0.44989622 
1 -0.23769522 
1 0.31394732 
1 -0.45362926 
1 -0.19469261 
1 -0.031216502 
1 -0.2793938 
1 -0.0499202 
1 -0.21910143 
1 0.21078348 
1 -0.060644627 
1 -0.34075058 
1 0.2315216 
1 0.14640641 
1 0.42211664 
1 0.21942651 
1 -0.002366066 
1 0.17547417 
1 -0.20429718 
1 -0.11063862 
1 0.15836418 
1 -0.26796794 
1 -0.38182938 
1 0.39204717 
1 -0.13224244 
1 -0.28716552 
1 -0.46767426 
1 0.36540735 
1 0.14965129 
1 -0.38564837 
1 -0.22440171 
1 0.34242916 
1 -0.114263654 
1 0.031243801 
1 -0.025879264 
1 -0.3479619 
1 0.14472616 
1 0.2854718 
1 0.29295444 
1 -0.049544334 
1 -0.19088614 
1 -0.31078386 
1 -0.34679663 
1 0.3076191 
1 0.11719942 
1 0.1701281 
1 0.114418864 
1 0.16422987 
1 -0.4912802 
1 0.28996718 
1 0.26341128 
1 0.025104761 
1 0.47282326 
1 -0.39710188 
1 0.49010956 
1 0.3012389 
1 0.0654161 
1 0.00369668 
1 0.033307433 
1 0.3077278 
1 -0.091462374 
1 0.39341497 
1 0.37498128 
1 -0.18926358 
1 -0.21900547 
1 -0.15613544 
1 -0.2952751 
1 -0.16328144 
1 0.16392553 
1 0.048100233 
1 0.18465817 
1 0.4023428 
1 0.15160358 
1 -0.25775015 
1 -0.09139228 
1 -0.48710573 
1 -0.3438928 
1 -0.28531134 
1 0.053153515 
1 -0.32205153 
1 -0.3790239 
1 -0.31647134 
1 0.12731624 
1 0.024758816 
1 0.49249732 
1 -0.45842314 
1 -0.17416763 
1 0.37104845 
1 -0.3663833 
1 -0.322703 
1 -0.46557677 
1 -0.13200831 
1 0.47174144 
1 0.24482775 
1 -0.2114296 
1 0.3517754 
1 0.3022853 
1 -0.24958372 
1 -0.14401054 
1 0.3518963 
1 -0.4362216 
1 -0.4593426 
1 0.13043773 
1 -0.45160806 
1 -0.033412218 
1 -0.38340294 
1 0.44906175 
1 0.47103572 
1 0.16198587 
1 0.017438054 
1 0.20401704 
1 0.092383385 
1 -0.31669033 
1 -0.2063067 
1 -0.4164765 
1 -0.48912036 
1 0.17511213 
1 -0.024770021 
1 -0.09516668 
1 -0.33135808 
1 0.26465678 
1 -0.3637929 
1 0.14285827 
1 -0.37390518 
1 -0.39639091 
1 -0.33682466 
1 0.14385378 
1 -0.068995714 
1 -0.11498141 
1 -0.29108202 
1 0.26263404 
1 -0.48369145 
1 0.4232329 
1 0.3750466 
1 0.19975805 
1 -0.35715854 
1 0.09135139 
1 0.2629664 
1 -0.14530289 
1 0.14529812 
1 0.38328302 
1 0.4361794 
1 -0.1143564 
1 -0.015940428 
1 0.07085323 
1 0.34368587 
1 0.33087373 
1 -0.17448676 
1 -0.3668903 
1 -0.18301105 
1 -0.49302614 
1 -0.4940771 
1 -0.17049003 
1 0.2220062 
1 -0.19010425 
1 -0.22014523 
1 -0.12906063 
1 -0.22426605 
1 0.4251771 
1 0.09264839 
1 -0.13904023 
1 0.34693158 
1 -0.17143536 
1 0.17386496 
1 0.31890142 
1 0.4952923 
1 -0.08150053 
1 0.027193189 
1 0.14040613 
1 -0.08638787 
1 -0.43751967 
1 -0.3979782 
1 -0.3516494 
1 -0.10003233 
1 -0.32930517 
1 -0.016190767 
1 0.45433283 
1 0.05831194 
1 -0.48558652 
1 -0.05520928 
1 0.35779583 
1 0.16919482 
1 -0.4050287 
1 -0.12471461 
1 0.43060315 
1 -0.43081176 
1 0.46835208 
1 0.0342592 
1 0.2018696 
1 0.11933589 
1 0.38419473 
1 0.114715695 
1 -0.21105623 
1 -0.14035797 
1 -0.21434116 
1 -0.26878822 
1 -0.25164688 
1 -0.23234475 
1 -0.20694077 
1 -0.1976285 
1 0.459895 
1 -0.4473107 
1 -0.14245653 
1 0.24329531 
1 -0.16996169 
1 -0.4898082 
1 0.17086911 
1 -0.33651173 
1 0.44652236 
1 -0.1903708 
1 -0.08627963 
1 0.42587686 
1 -0.12623596 
1 0.11875117 
1 0.35574877 
1 -0.13346279 
1 -0.07088411 
1 -0.2766477 
1 0.09448326 
1 0.17624998 
1 0.4893409 
1 0.49999893 
1 -0.14846659 
1 0.4866308 
1 -0.31062794 
1 -0.4585725 
1 0.067513704 
1 0.4688766 
1 -0.088766575 
1 -0.49258065 
1 0.19217217 
1 -0.3161906 
1 -0.47625315 
1 0.17937326 
1 -0.08297551 
1 -0.33614075 
1 0.4021983 
1 0.29833448 
1 -0.27244997 
1 -0.30915022 
1 -0.0071365833 
1 0.10657215 
1 -0.11602199 
1 0.07198739 
1 0.35151076 
1 0.29354656 
1 0.3835696 
1 -0.3071381 
1 -0.058642507 
1 -0.3088504 
1 0.29008222 
1 0.49573147 
1 -0.00526762 
1 0.46196723 
1 -0.2511109 
1 -0.12794328 
1 0.30664277 
1 -0.0072420835 
1 -0.08032596 
1 0.2509749 
1 0.0070308447 
1 -0.3084184 
1 0.24323225 
1 0.48405182 
1 0.19489837 
1 -0.054095507 
1 0.4885038 
1 0.29759705 
1 0.3118366 
1 0.10357332 
1 -0.44162917 
1 -0.32286572 
1 -0.47076917 
1 -0.30676603 
1 -0.26680326 
1 -0.1990267 
1 -0.1015563 
1 0.27721727 
1 0.2062341 
1 0.24496758 
1 0.42086935 
1 0.1043731 
1 0.22116399 
1 0.4156853 
1 -0.3530264 
1 -0.3362851 
1 -0.08773613 
1 -0.21087563 
1 -0.09768236 
1 0.3786174 
1 0.2848122 
1 -0.046321392 
1 -0.21939802 
1 -0.3435042 
1 -0.07905054 
1 0.35660815 
1 -0.20359743 
1 -0.3820963 
1 -0.27052438 
1 -0.17743564 
1 0.1770457 
1 -0.17595935 
1 -0.2788813 
1 0.19567192 
1 0.22157264 
1 0.38385844 
1 0.43812752 
1 0.47478032 
1 0.1032331 
1 0.12262702 
1 0.20870388 
1 0.3228792 
1 -0.39067113 
1 -0.38086343 
1 -0.23800504 
1 -0.08551586 
1 -0.09867871 
1 -0.0020067692 
1 -0.07791424 
1 -0.49407244 
1 0.19245648 
1 -0.017998219 
1 0.31759918 
1 0.048309803 
1 -0.21903646 
1 -0.083351016 
1 -0.37032485 
1 -0.44781482 
1 0.45927823 
1 -0.065405846 
1 -0.03548944 
1 -0.09806681 
1 -0.35892308 
1 -0.49724317 
1 -0.15985608 
1 -0.25693464 
1 -0.033653975 
1 -0.26227915 
1 0.3903569 
1 0.38604343 
1 0.49158347 
1 -0.2656113 
1 -0.011379123 
1 -0.1272831 
1 0.25179207 
1 0.3221239 
1 -0.35898364 
1 -0.027664065 
1 0.3626734 
1 0.39831448 
1 -0.35595357 
1 -0.3180207 
1 -0.4679153 
1 0.47129023 
1 -0.11835039 
1 0.3468758 
1 -0.067827106 
1 -0.4248463 
1 -0.17436469 
1 0.3877355 
1 0.28373516 
1 0.10880232 
1 0.46672797 
1 -0.3635236 
1 -0.3297968 
1 -0.24026465 
1 -0.15286863 
1 0.4192313 
1 -0.4881463 
1 0.31311357 
1 0.29236603 
1 0.011942148 
1 -0.4728912 
1 0.1929853 
1 -0.4400437 
1 -0.3168813 
1 0.03730619 
1 0.4558735 
1 -0.20334315 
1 0.38707113 
1 -0.21493363 
1 0.17216766 
1 0.11443806 
1 0.04154122 
1 0.45794415 
1 0.2819171 
1 0.3059796 
1 -0.104022026 
1 0.0015915632 
1 0.343166 
1 0.45631957 
1 -0.13348567 
1 0.056966662 
1 -0.34729493 
1 -0.4322263 
1 -0.11728644 
1 -0.1016705 
1 0.496938 
1 -0.13495362 
1 -0.026121736 
1 -0.16889262 
1 0.009915233 
1 -0.107296824 
1 0.19704342 
1 -0.31691945 
1 0.48239434 
1 0.22143126 
1 0.30505395 
1 -0.10466075 
1 -0.09596038 
1 -0.20948851 
1 0.3259132 
1 -0.20446527 
1 0.054963827 
1 -0.10201478 
1 0.1639731 
1 -0.49439144 
1 0.07751644 
1 0.15934825 
1 -0.40023947 
1 -0.08321738 
1 -0.47774637 
1 0.24706244 
1 -0.035323262 
1 0.21809208 
1 -0.17814529 
1 -0.48181355 
1 0.36236918 
1 0.32262456 
1 0.2966739 
1 -0.059784293 
1 0.21109247 
1 -0.091073036 
1 0.029569268 
1 0.23682606 
1 -0.34041262 
1 0.25177503 
1 -0.4849758 
1 0.14951491 
1 0.24179602 
1 -0.009371519 
1 0.30130625 
1 0.08309758 
1 -0.18514204 
1 -0.09552896 
1 -0.4756409 
1 -0.2372899 
1 -0.045519233 
1 -0.37607455 
1 0.077311635 
1 -0.13242579 
1 -0.4074943 
1 -0.26319754 
1 -0.2531829 
1 -0.030160666 
1 0.33623195 
1 0.37604487 
1 0.011071444 
1 0.27549696 
1 0.12709105 
1 -0.34216714 
1 -0.38056195 
1 -0.40569293 
1 0.22197235 
1 -0.468199 
1 0.46295846 
1 -0.44180012 
1 0.49859905 
1 -0.38161087 
1 -0.13133633 
1 0.10055196 
1 -0.47451723 
1 -0.4872414 
1 -0.104972124 
1 0.288221 
1 0.189466 
1 0.25053442 
1 0.16644835 
1 0.24445081 
1 0.48972452 
1 0.26039672 
1 -0.30543697 
1 -0.26007676 
1 -0.28195405 
1 0.1396544 
1 0.44499886 
1 0.22046626 
1 0.10828292 
1 0.45189106 
1 -0.0660311 
1 0.04970193 
1 0.09991348 
1 -0.17365837 
1 0.005698204 
1 -0.33555758 
1 -0.4702134 
1 0.40875387 
1 0.35574484 
1 -0.4747399 
1 -0.20847368 
1 -0.460315 
1 0.005710602 
1 -0.20979989 
1 -0.06644654 
1 0.06438041 
1 -0.3655362 
1 0.2877661 
1 -0.11601901 
1 -0.08071923 
1 0.1554265 
1 0.44642723 
1 0.3978498 
1 -0.1380986 
1 -0.44913518 
1 0.27316582 
1 0.3211844 
1 -0.26082814 
1 0.3887819 
1 -0.15122437 
1 0.116006136 
1 0.12117469 
1 0.3770064 
1 0.27376556 
1 0.46733904 
1 -0.24023008 
1 0.11707425 
1 0.03284681 
1 -0.4673555 
1 0.10270524 
1 0.11368239 
1 -0.01269722 
1 0.0026067495 
1 -0.49427855 
1 0.3893019 
1 0.05781424 
1 -0.109336495 
1 0.30539596 
1 -0.067469954 
1 -0.17555547 
1 -0.17305923 
1 -0.12818873 
1 -0.19434738 
1 -0.2666303 
1 -0.095483184 
1 0.004699111 
1 -0.42161453 
1 -0.3867761 
1 0.07185376 
1 -0.2553537 
1 -0.32791567 
1 -0.4457519 
1 0.41835904 
1 -0.33368146 
1 -0.4281217 
1 -0.083767414 
1 -0.004362941 
1 -0.43995488 
1 0.31796765 
1 0.36706233 
1 -0.40340328 
1 0.012776732 
1 0.27969873 
1 -0.4004259 
1 -0.20499337 
1 -0.043543816 
1 0.043462276 
1 -0.35855937 
1 0.06769359 
1 -0.4389441 
1 0.43244433 
1 -0.030145168 
1 -0.28234994 
1 0.19193923 
1 -0.040684104 
1 0.43708265 
1 -0.46866083 
1 0.43775785 
1 -0.006236911 
1 -0.32767975 
1 -0.44640815 
1 -0.095189214 
1 -0.08742154 
1 -0.22092617 
1 0.2504984 
1 -0.26401353 
1 0.1610161 
1 -0.2614913 
1 -0.17013264 
1 0.16214788 
1 0.32754254 
1 0.17872274 
1 -0.23621583 
1 -0.3437016 
1 -0.07262945 
1 -0.47521818 
1 0.42322326 
1 0.06980097 
1 0.44451606 
1 -0.47621453 
1 -0.11772299 
1 0.12946963 
1 -0.062663436 
1 -0.37861454 
1 0.052535653 
1 -0.24802816 
1 0.3038292 
1 0.14080691 
1 0.3946905 
1 -0.3491583 
1 0.14213312 
1 0.048887372 
1 -0.11284912 
1 -0.3097403 
1 0.29712427 
1 -0.21878862 
1 -0.1651622 
1 -0.14136183 
1 0.41781402 
1 -0.4150741 
1 -0.05612123 
1 0.15024316 
1 -0.44736433 
1 0.346318 
1 0.46047294 
1 0.06706834 
1 0.43650043 
1 0.17167139 
1 -0.06373751 
1 0.39258695 
1 0.07775271 
1 -0.47036767 
1 -0.21712434 
1 -0.3492142 
1 -0.33465326 
1 -0.23272574 
1 0.49853635 
1 0.21809328 
1 -0.3861096 
1 0.1778115 
1 0.12039256 
1 0.41613495 
1 -0.36394203 
1 0.3531984 
1 -0.3499453 
1 0.16535568 
1 0.1260643 
1 -0.28151107 
1 0.37771082 
1 0.25295532 
1 -0.4312358 
1 -0.11964595 
1 0.09497321 
1 -0.19399214 
1 0.19998848 
1 0.120987415 
1 0.14859116 
1 -0.40297985 
1 0.08420932 
1 -0.36993003 
1 -0.23474228 
1 -0.17968893 
1 0.10801498 -0.045366384 0.22494963 0.3693851 -0.54052955 -0.2043562 0.30446133 -0.0870822 0.32516226 -0.10823197 0.067755945 -0.19842783 0.34523338 -0.4966044 0.074817084 0.3859196 0.023550337 -0.44540134 0.20502251 -0.29751882 0.3431284 -0.43061367 0.25859484 -0.013111961 0.013838819 0.36351034 0.14907858 -0.21619469 -0.18687522 -0.041650392 0.056642428 -0.5092291 -0.08239151 0.23024723 -0.49338856 0.40489587 -0.5619802 0.12285622 0.2546748 -0.3107387 -0.21394542 -0.68261486 -0.2757738 -0.022264501 -0.04248114 -0.10748302 0.23945768 -0.18992804 -0.50363225 0.3524807 -0.09274321 -0.003097304 0.10172478 0.30212566 0.069321014 -0.16074672 0.34105358 -0.31174955 0.19297531 -0.48392096 -0.46732125 0.103827424 -0.12846957 -0.1896108 0.63118833 -0.21951886 -0.68458855 -0.68101925 -0.15219949 -0.31847003 0.6644039 0.26436508 0.50064105 0.21418019 -0.12059513 0.056338854 -0.27745965 0.20957345 -0.078007855 0.3713057 -0.46172136 -0.39392525 0.4011334 -0.24779364 0.36586127 -0.21315497 -0.04541143 -0.7846378 0.22737466 0.105265915 -0.3949217 0.07284736 -0.5605461 0.14761084 0.34480646 -0.32281947 0.6120924 0.20346002 0.18232559 0.1557303 -0.53858346 0.42997402 -0.5023581 0.4358772 0.20551091 -0.07765123 0.6180653 -0.2203623 -0.25799772 0.09061263 -0.5038509 -0.34396616 -0.28718784 -0.3778409 -0.13582623 -0.040507857 0.6097695 -0.4540232 -0.3221238 0.21612656 0.0074143773 0.011897628 -0.4040586 -0.038433015 0.7837459 -0.0150444545 -0.23824069 -0.32697296 0.8424208 -0.30057287 -0.29495353 0.67503786 -0.34568942 0.5147492 -0.09908422 -0.3133976 -0.07126729 -0.53634536 0.10071645 0.28100058 0.39783558 0.046829544 -0.001342983 0.3566113 0.091330945 0.3261113 -0.64034075 0.3372158 0.021198343 0.6228459 0.62514096 -0.77058566 0.09095764 -0.8610225 0.29747504 -0.5026054 0.2842627 -0.10181495 -0.37331814 -0.40663493 0.2621555 -0.08899567 -0.16205113 0.20831002 0.6186874 0.8695305 -0.31912708 -0.40366173 0.35530445 0.35101184 0.22293368 0.36625072 -0.6312237 -0.4350604 -0.11750028 -0.35055727 1.2014078 -0.4645999 -0.5808847 -0.4734132 -0.55908877 0.20676664 0.055881005 0.024823735 -0.029332114 1.036221 0.09325605 -0.07941241 -0.66451406 0.028315004 -0.46563837 0.6613032 -0.69058514 -1.0510601 -0.25509968 -0.40263093 0.059363827 -0.3849747 0.046340294 -0.1907779 0.2447093 -0.30814925 -0.119602405 0.68258697 -0.016922608 0.14831369 0.018290691 -0.59533083 -0.015985308 -0.07725028 0.09577018 -0.63920975 -0.48371175 -0.80173826 -0.5116461 0.32250735 -0.17656574 0.2532861 -0.41029847 -0.025298564 1.2310035 0.99756396 0.04371477 0.13034722 0.3415773 -0.47837618 -0.3222221 -0.44450995 0.53788227 -0.30179843 -0.30281472 0.13012403 -0.6257688 -0.08736509 0.13103165 0.4807895 -0.43010205 -0.10823909 0.3036859 -0.4047642 -1.3682274 -0.14887515 -0.43236214 0.5717402 -0.0963822 0.13543102 -0.10424592 0.17514813 0.6761337 -0.9837064 0.8982762 -0.2934363 0.1082113 0.10376785 -0.19631292 0.15895498 -0.30181974 -0.19966452 -0.16456285 0.29791892 0.0014284181 0.08001402 0.018126216 0.6036688 0.4745143 0.103456534 -1.5380646 0.25967038 0.5583982 0.31324652 -0.60667884 -0.97899604 -0.37247834 0.0042492226 -0.17039874 -0.93459284 0.3544084 1.6587124 0.17666835 -0.43486226 -0.15826711 -0.4836671 -0.031363912 -0.15046191 -0.58023155 0.22302409 0.39113092 -0.23659067 -0.67360806 -0.076365076 -0.36054298 -0.32145137 0.4895828 0.23127094 0.47100434 -0.1074338 -0.012637986 -0.14872345 -1.4745151 0.12838268 0.34959844 -0.59654266 -0.123846345 0.14024156 -0.26296037 1.9418787 0.5756121 -0.49286216 0.028232668 -0.5151727 0.01523652 -0.35901564 -0.6251874 0.7195793 0.3509536 -0.095457695 0.14624691 0.15585545 -0.50926024 0.2743416 -0.41699234 0.25946096 0.5489331 -0.9396967 -0.5654477 0.3382033 -0.58443844 -0.74110925 0.052886035 1.0199296 -0.96811146 0.98378646 -0.50895107 0.3893089 -0.7664435 -0.24162951 -0.01381717 0.01712461 -0.5484559 0.27403307 0.21992286 0.6311229 0.2966707 0.28385952 -0.044963796 -0.35877666 -0.12606077 -0.4439102 0.39485613 0.09835133 -0.42648175 2.0751886 0.9788326 -0.018121615 0.21042672 -0.28862253 0.33732596 -0.03354268 -0.5923099 1.2341572 0.1977029 0.00861971 0.11700041 -0.47129318 0.3644707 0.09901471 -0.44211555 -0.41836566 0.20649445 0.4272081 -1.1735709 -0.58750534 -0.43365717 0.9139922 0.36102667 -0.7740186 -0.23623796 0.20915437 1.1728774 -2.1423578 1.6399894 0.6280372 -0.108277455 -0.20389482 -0.08463549 -0.012513399 0.27785984 0.79180044 -0.2888115 -0.71569514 -0.47465226 -0.49323538 -0.2181932 -0.44268432 -0.52379906 0.324046 0.26993886 -0.8283294 -0.2085166 -0.4055505 0.40659878 0.60993594 1.1371585 0.2510788 0.13468325 -0.30876523 -1.9692844 2.2227218 -0.08866519 0.25968513 -0.3197884 0.13515049 -0.2200071 -0.088410616 -0.5355308 -0.5841866 -0.37055406 0.69550765 0.2708984 -0.50126714 0.24441744 -0.15899795 -0.42657274 -0.41466904 0.4137931 0.42720494 0.2490084 0.30679786 0.37555587 1.3462692 0.89633083 0.52657944 -1.017029 -1.5111791 -2.4955952 1.4431372 0.77223855 0.9603561 0.26344144 -0.08036115 -0.0890405 -0.24033311 0.23213176 0.16875055 -0.75210226 -0.13664585 0.18875863 -0.22718328 -0.38817957 0.014461915 0.18565758 -0.22446477 -0.022784224 -1.7072449 -0.66645277 -1.1112672 -0.46216768 -1.3062352 -0.3519311 -0.668865 0.90198714 -2.3988225 -2.5967736 -0.9068601 0.21191683 -1.0156361 0.26654118 0.061270233 0.43823206 0.23265347 -0.32748705 0.18119511 -0.5053178 0.41832992 0.67193985 -0.37893698 0.09566968 -0.13098192 -0.38215348 0.6928449 -0.22949779 0.070397526 -0.1957902 0.5158751 0.86011463 1.1348059 -0.59571666 0.054566085 -0.027145155 2.6500127 -1.0165402 0.63171285 -0.44060904 -0.17589441 0.090149604 0.08838932 -0.24159531 -0.4910142 -0.2030179 0.08123832 0.016539264 -0.1620908 0.23927638 0.09222294 -0.50430614 -0.05413854 -0.14776222 -0.796363 -0.10655827 -0.20527412 -0.553632 0.5662192 0.9100479 0.836843 -0.64769566 -0.25044668 0.16389269 1.3426143 0.48099208 -0.31157473 -0.11170999 -0.8010168 0.64794546 0.46018746 -0.44208783 0.27657366 0.19782537 0.42076522 -0.67444295 -0.012779951 0.1753144 0.15119839 -0.17995077 0.18318588 0.28326544 1.2918501 -0.1529345 0.07798777 -0.21149576 -0.21989843 -0.45046732 0.78510976 -0.890574 -0.28567883 -0.5093025 -0.9020923 1.0503035 -0.24043936 0.34143496 -0.1369305 -0.33106086 0.0741237 -1.3278083 -0.16071561 -0.5511576 -0.9082173 -0.5572104 -0.42049897 0.372724 0.042323187 0.0736066 0.0022802684 -0.2810376 0.03031821 -0.150677 -0.2748845 -0.053685587 -0.86880726 0.11961252 -0.35120532 -1.5253989 -0.690861 0.3239334 0.12114181 0.6503651 -0.21058264 0.16870895 0.38652351 -0.2377622 -0.47584224 -0.3751574 -0.26463038 -0.34273845 1.1403652 0.79532206 0.23029834 -0.25461382 -0.53808635 0.27731523 0.11914059 0.35164854 0.70401335 0.19620954 -0.10677867 0.0850107 0.1131347 0.18787201 0.048650432 1.6197922 0.5152349 -0.14464629 -0.0680554 -1.126652 0.14680284 0.28318337 -0.33163682 0.68527925 -0.61157596 -0.8398101 -0.18812001 -0.45620373 -0.42287818 0.19370717 0.13609682 0.3306647 -0.02624794 -0.12377523 -0.42560282 0.4793218 -0.46283072 -0.52972585 -0.16066669 0.2775538 -0.3889836 0.4417596 -0.046064917 -0.860521 0.25486276 -1.1469868 0.42792973 -0.323177 0.49239987 0.146111 -0.036463324 -0.35041925 0.9507143 -0.24925777 0.33937553 -1.0091639 0.8183783 -0.36329347 0.2813687 -0.42094558 0.33926383 -0.45245126 0.23097342 -0.0021960244 0.5277242 -0.59338796 0.3172202 0.16590926 -0.09378136 0.497257 -0.5902854 0.46964177 -0.632184 0.87576634 0.2848226 -0.7208201 0.365075 -0.31443906 0.4624172 -0.3146242 0.38040572 0.96825135 0.65925884 -0.1760546 -0.1947813 0.52413386 -0.033274118 0.019512346 -0.28650442 -0.3736271 -0.3243797 -0.10147669 0.039513648 -0.2816004 0.3115073 0.4757829 0.364338 0.4121951 0.19835342 -0.10576313 0.38554928 0.2132778 0.30008438 0.9694069 -0.29206386 0.031130588 0.56188977 0.052309167 0.6505195 -0.25132057 0.8176704 0.25524825 -0.274812 0.0067658783 -0.016174512 -0.35213366 -0.2980527 -0.49894658 0.20982993 0.1067046 -0.45277753 -0.15502006 0.39229947 -0.029215131 1.3230053 -0.3741911 1.6025779 2.1113327 -1.0774252 -1.6808646 -1.9823813 1.7173784 2.2286692 1.4856336 2.014253 -0.66806036 -0.9861005 -0.094506875 0.12489317 -0.02116518 0.12905352 0.4026887 -0.083010934 -0.13297161 -0.003534014 -0.18816826 -0.53174263 -0.31068483 0.3050557 -0.19279236 -0.19624904 0.45567045 0.7818767 0.033149455 1.1064532 1.1341548 0.60122615 -0.56249994 0.7617758 0.9772868 -0.12936793 0.36999267 -0.4771303 -0.51867425 -0.393988 -0.62240326 0.19033341 -0.29522398 -0.5594735 -0.0948934 0.37743935 -0.107089035 -0.28431365 0.14084634 -0.573322 0.08979993 -0.12664825 -0.55212706 -0.3658184 0.21151781 0.3391232 -0.19731817 -0.5056552 -0.003301026 0.026450453 -0.44680342 -0.11841049 -0.012929843 0.3303001 0.19613665 -0.37242123 0.12109459 -0.18474334 -0.11723784 -0.089373834 -0.10830865 0.31049973 0.05746194 -0.553587 -0.19404072 -0.09802743 
1 0.014449966 0.26501474 0.24814698 -0.24526036 0.023064567 -0.053959973 0.28924724 -0.33306482 0.064501084 0.1825197 -0.45430723 -0.0033992059 0.09778987 0.19839749 -0.10262732 -0.02712451 0.06777883 0.16631797 -0.019960197 -0.45323637 -0.05924806 -0.07844618 -0.2768083 -0.112247035 -0.488346 -0.4506767 -0.3180156 0.07576384 -0.11274436 0.25726667 -0.3802574 0.25586525 -0.45640674 -0.53812295 0.0919566 -0.32538554 -0.49112377 -0.06119213 -0.38363114 -0.52241665 -0.2999297 -0.520475 -0.249628 -0.37344268 -0.47094914 0.472967 -0.036628112 -0.0884375 -0.09917118 0.06677133 -0.5440636 0.34709844 -0.5091707 -0.055594347 0.0033058263 0.24282962 -0.3944966 -0.47461918 -0.029049667 0.19564697 0.2863057 -0.21257088 0.17194048 0.05801013 -0.14016235 0.24091181 -0.2924759 -0.14806974 -0.005628728 -0.037935972 -0.6328109 -0.14313832 0.4731885 0.5073837 -0.39051905 -0.67059135 -0.6776616 -0.20146972 -0.5508778 0.2329632 0.33955935 -0.51857656 -0.2595041 -0.033960965 0.26872644 0.18314806 0.14785327 -0.074463144 -0.21842796 -0.07481446 -0.34736863 -0.18297982 -0.62899077 0.35940924 0.48969248 -0.5175922 1.1260868 0.72794557 -0.51591486 0.31935456 -0.26376373 1.4584273 -0.09821438 1.5854034 0.5235181 0.32139874 -0.016514033 0.49897683 -0.6220163 0.07703401 -0.24482933 -0.046301827 0.093047306 0.38294324 -0.058961302 -0.53488845 0.18182951 -0.17048168 0.3459235 -0.13865614 0.82874185 0.6070623 -0.29563367 -0.15152748 0.37270698 -0.6072679 0.089176014 0.09646293 -0.12260684 0.589198 0.47527766 -0.22944951 0.108099565 -0.08465101 -0.08441281 -0.20849945 -0.057222 -0.04474982 -0.093700364 0.23801354 -0.533637 -0.38853374 -0.41579425 -0.30988002 -0.51120996 0.38013473 -0.54525703 0.641776 1.182589 1.3076797 -0.95895714 -0.47243282 1.5611981 0.14905423 0.031621434 -0.12980343 -0.5140459 0.36019397 -0.0032377676 0.45396346 -0.5079153 0.17851783 -0.5997579 -0.20614316 0.41024595 0.4767454 -0.50436795 -0.44747958 -0.29708478 0.10693927 -0.14728442 0.26707247 0.37627223 -0.6359931 -0.692591 -0.1622293 1.7295651 -0.6123655 -0.7671051 -1.0990862 -0.13742638 -0.61063737 -1.2532779 1.1059344 -1.4250084 -0.705179 0.39616296 0.19330151 0.528344 -0.04738498 -0.13595212 -0.4383411 -0.8622013 -0.13556537 -0.31388023 -0.2747425 -0.027294377 -0.039303824 -0.23456264 -0.026263358 0.116247654 -0.703405 0.8783316 1.3050867 2.067763 -0.5780594 -0.8931017 -1.236724 -0.29101437 0.12240563 -1.1569538 0.4968277 1.1662399 0.8599639 0.575538 0.35202342 -0.103291675 0.14061272 -0.35005376 -0.112793714 1.3381231 0.5602102 0.05598872 0.4604976 -0.42172495 0.41052774 -0.13090768 0.068587765 0.114467666 -0.58996695 -0.48285866 -0.18445161 -1.089225 -1.3893807 -0.51081985 0.15383066 0.029265573 0.3816154 1.4834595 -0.7386164 -0.41197422 -0.022857761 0.5527964 -0.18225901 -0.29289213 -0.6124703 0.42351043 0.5814308 1.6295619 -0.16737136 -0.026675476 0.4569569 0.037170418 -0.256628 -0.18748584 0.16142562 -0.55418354 -0.373775 0.96927494 -0.26946265 -0.98517406 0.7327819 -0.45144814 -0.19714956 -1.3635768 0.10474786 -2.7102482 -0.2795769 0.45699477 -0.2191995 0.81692046 0.6335469 0.7895268 0.27055615 -0.039473318 1.280396 -0.7972634 0.8843626 0.34276238 0.22837827 -0.0715174 0.16406167 -0.20058131 0.24772355 -0.029531574 0.41761783 -0.04169332 -0.12971604 -0.68717355 0.75988525 0.36269158 -0.2792032 0.5313051 0.097241946 -0.106687695 -0.7600745 -1.1912758 0.59637195 -0.4060673 -0.57757795 -0.99608535 -0.18210708 0.92610323 -0.5530754 -0.51576096 0.6066294 -0.22639398 0.06790823 0.22361377 0.07105927 0.1606695 -0.51304597 -0.43754873 0.15762112 -0.42685148 1.5532424 1.5540228 0.52047676 0.51472074 0.36643884 0.38610923 -0.44427255 -2.297237 0.52178663 -0.43829957 0.41180018 -0.49170634 0.61218375 0.3703695 -0.8071025 0.5233829 -0.8416493 0.95191747 0.25393674 0.022664221 -0.20819315 -0.25269008 0.22714496 0.46014437 0.047880426 0.38667676 0.2627351 -0.31646046 -0.2969423 -0.090122834 0.047820304 -1.3278844 0.692292 -0.13279 0.7939605 1.2702953 -1.2917076 -0.13960704 -0.7310447 0.47344932 0.16122755 -0.28160343 0.65519965 -0.11267998 -0.14398716 -0.44207868 0.29234383 0.5192054 0.33160087 -0.013809098 0.33487955 -0.1964859 0.3696799 0.110688075 -0.08023809 -0.107412025 0.25047037 0.3472442 -0.5423479 -2.5004551 1.4668922 0.5454717 -0.94620025 -3.0350146 0.8109456 -2.1751528 -0.247625 -0.18125069 -0.9032608 1.5264096 -0.34034142 -0.12698542 -0.23847128 0.75673246 0.04638678 -0.550314 0.1960085 0.39987907 -0.23291057 -0.06009177 -0.4037408 0.12198429 0.5521737 0.7701373 0.55703366 -0.42312524 -2.0571148 -1.8470944 -0.79535717 0.5396118 1.4750206 1.8969694 -0.49349537 -0.7592183 0.27272892 0.86218524 1.4350306 -0.49348634 -0.45966977 -0.10261926 -0.20388387 -0.24266529 0.2549061 0.098698184 -0.4929842 0.057081632 -0.54619855 0.20394105 0.44871643 -0.64439243 0.27193877 -0.12004112 -0.6704947 -0.56379044 -1.1798295 -0.9661855 -0.35741276 -0.31869918 1.6014977 1.2671974 -0.8466939 0.2869195 0.09112286 1.4903698 0.9438347 0.44656634 0.24752422 0.22844362 0.22624429 0.56260157 0.17766747 -0.17134795 0.13083473 -0.20481488 0.26988515 -0.012812977 0.33667234 0.014965207 0.4653789 0.69489074 1.101608 0.31998697 0.3694856 0.1939444 -0.5830147 0.6473987 1.8232274 1.1905508 -0.3167483 -0.37672615 1.7712929 2.8945248 -0.08040764 -0.49230492 -0.2674221 0.5224323 -0.44610128 0.13479 0.33225432 0.41527888 -0.40902057 -0.34445563 0.15417492 -0.1777831 -0.0020539425 0.18877837 0.42382476 -1.049992 -0.4437082 -0.1731044 0.041220445 0.16397063 0.4427964 0.2784988 -1.9742987 1.2860832 0.5057204 -0.7843958 -1.3431894 -0.27906638 -0.2032151 0.13417831 0.016047258 0.16421717 0.2153167 -0.05977102 0.52856916 -0.56145227 0.31704333 0.064394526 0.32546327 -0.32958737 -0.064219624 -0.60249126 -1.0336976 2.3682592 0.23726818 -0.08392018 0.03437202 0.43876046 -0.51067924 -0.5516776 -0.3907098 -0.66925997 0.42340553 -1.2537264 1.4779831 0.15750664 0.5965441 -0.31318143 0.33321074 -0.5967109 0.8217317 -0.4515474 -0.15558442 0.33963832 -0.45323196 0.33319595 -0.20198193 -0.14217728 -0.29929653 -0.19841532 1.0955696 -1.1892846 0.061007634 0.27244508 -0.36505955 0.47053355 0.24648665 0.32873827 0.48086458 -1.4848605 -0.3320889 0.40072146 0.051145412 0.027605671 0.10797855 -0.08225813 0.69997746 -0.46014467 0.629158 -0.06030715 0.44376037 -0.48121184 -0.20779902 -0.057151064 -0.14746076 -0.5443774 0.07092355 -0.13802396 -0.37442407 0.22768043 0.3580535 0.22902977 -0.04020771 -0.19425923 -0.04660874 0.45384875 -0.34556866 0.81441355 0.5691378 0.10053531 -0.8442155 -0.22853075 -0.55856305 -0.6911985 -0.737344 -0.52410734 1.2304239 0.5901281 -0.27389506 0.048505664 -0.37516436 0.1375475 -0.35057667 -0.16548973 -0.11377807 -0.17165798 -0.43579766 0.11512125 0.35970658 0.21281688 0.21036413 -0.35751027 0.1261819 0.28807336 -1.2162311 -0.34557316 -0.48783255 -0.09096114 -0.12783442 -0.25128007 -0.5401111 -0.9422068 -0.861017 -0.33251163 -0.4524128 -0.17946714 -0.577818 0.11235529 0.10555251 -0.41309294 -0.4315804 -0.005052099 -0.06400874 0.25318083 -1.1164144 -0.54563904 0.1809303 -0.008724747 -0.15574287 -0.056971237 -0.4829349 1.0244215 -0.6577505 0.11298036 -0.56541336 -0.027181856 0.7269551 -0.024294103 -0.38840416 0.6672056 -0.6556511 -0.32074258 0.27747813 0.063708715 -0.48758796 0.39442155 0.01652543 0.035460047 0.098762766 0.11350703 -0.21122187 -0.41386455 0.30244455 -0.9726962 0.5635342 -0.26163626 -0.2244922 0.16957022 -0.4275136 -0.09769981 -0.3794879 0.046827383 -0.19233154 -0.93856233 -0.35991463 -1.2844766 0.33359367 0.8564951 1.1183232 0.85195416 0.22374225 -0.58827347 0.26938233 0.036598206 0.24112004 -0.3030074 0.09241304 0.17805961 0.28141418 0.17697322 -0.23574519 0.25760344 0.14889887 -0.6054643 -0.8339174 0.795553 -0.5411325 -1.1785302 1.2794304 -0.13182008 0.5304929 -0.18733332 0.9168161 -0.05376044 0.38312528 -0.48926488 -0.05986802 -0.2626036 -0.554268 -0.42328003 -0.075997695 -0.18668589 0.40309533 0.37579152 -0.19551906 -0.25136596 0.38554344 -0.06613872 0.21969044 -0.30347198 1.2756163 -0.37909558 1.6944873 2.3496902 -1.3540754 -1.4919078 -1.2517626 1.4532293 1.1609926 1.8371649 0.6791502 -0.7523154 0.09271437 0.1349797 0.39207688 -0.12333518 0.43161753 -0.41000977 0.20392472 0.22858527 0.22842959 -0.21627161 -0.15249127 0.37360272 0.4347984 0.42554054 0.385124 0.15395433 -0.252058 0.2244893 0.033781968 0.9459499 0.527277 -0.1993657 1.8579239 0.8078127 -0.33830795 1.1524374 -0.16795084 -0.26578608 0.2734503 -0.13749948 0.25349465 -0.021077069 -0.23407033 -0.4325904 -0.28957775 -0.045569487 -0.42393342 0.1559265 -0.15069428 -0.46847668 0.17902556 0.06516965 0.40015414 -0.44871852 -0.49349228 0.063576035 0.07098772 0.07527295 0.20335746 -0.08233915 -0.37746617 0.114399 -0.4162595 0.22746256 0.14032266 -0.15164736 0.28571346 0.29482594 -0.44964877 -0.21134421 -0.4846044 -0.5260156 -0.5117733 -0.3778576 -0.06238263 
1 0.2929047 0.037572287 -0.40794638 0.34617075 0.017616646 0.14494485 0.23171571 -0.54189795 -0.3967072 -0.4984858 -0.14427882 -0.33464703 0.28645095 0.09921504 0.29626772 -0.30871937 0.3747165 0.22387525 -0.22941387 0.17456037 -0.5953123 -0.24935587 -0.28986236 0.21121728 -0.57716614 -0.039607577 0.16585535 -0.15349808 -0.10932089 -0.29464677 -0.1096951 -0.41564634 0.26607284 0.31933036 -0.26214227 -0.5105723 -0.15967923 -0.57035345 -0.11091223 -0.34455577 0.19424692 -0.16019672 -0.38575283 -0.46191242 0.15185095 0.090193205 0.2422491 0.31452623 -0.4587515 -0.35878697 -0.37872478 -0.56627524 0.32795402 -0.3982078 -0.25878623 -0.22267443 -0.19057348 -0.17095426 -0.320865 0.18122 -0.23370227 -0.17079413 -0.33045524 0.29410148 0.20478308 0.24789914 0.051848274 -0.79828966 -0.63299596 -0.15974745 1.554956 0.26564983 0.32565546 1.0079925 -0.123643026 -0.19602887 -0.70704633 0.73992467 -0.41585153 -0.036522828 -0.29545102 -0.20585611 -0.46021953 -0.25026453 -0.39036158 -0.2213059 -0.39752683 -0.047791712 0.12708515 0.28762767 -0.41105688 -0.055009954 0.3785856 0.5457878 -0.438776 -0.29591873 -0.3370581 0.46274158 0.33252907 0.7242667 -0.30115375 0.016444134 -0.35880378 0.57547605 0.22258124 0.48719347 0.33298737 0.5857825 -0.487372 -0.2521333 -0.3694156 -0.5936075 0.25393903 -0.29493615 0.30873567 -0.03404241 -0.21911147 -0.7081783 -0.60077935 0.2457669 0.150769 0.041672472 -0.3474878 -0.41909105 -0.811448 -0.28889334 0.2973219 -0.09126887 -0.2634859 0.48507056 0.2314321 0.33825848 -0.56360865 0.57030654 0.9583447 -0.9678196 -0.26068345 -0.29177094 -0.31934205 -0.1315555 -0.10846793 0.011287287 -0.21076514 -0.4123411 0.12039027 -0.2471281 0.5645226 -0.26239446 0.35060036 -0.2755683 1.5873164 0.16492875 -0.6414649 -1.1590885 1.0087146 -0.7632758 0.8030605 -1.0772763 0.5579258 -0.10682174 -0.41328493 -0.2978023 -0.41253236 0.6553385 1.2121958 -0.10609603 0.34845206 -0.0050656116 -0.5328657 0.35818478 0.13515356 -0.20588169 -0.07060628 -0.3606608 -0.25572464 -0.5108369 -0.27252692 -0.6727304 0.472211 -0.6508606 -0.38822058 0.21050763 0.8369184 0.52861285 0.41003647 0.37647277 -0.07441611 -0.102224186 -0.10881965 0.034754373 -0.13419108 -1.120689 -0.057728883 0.020573584 -0.26449195 -0.28170416 -0.3254582 0.1720025 0.0018648376 0.11919771 0.35889405 0.030666592 0.08576081 -0.39308253 -0.09274784 -0.29578605 -0.06280679 0.07326912 0.016526662 -0.13498853 -0.34465864 -0.30319187 -0.110294744 -0.15624934 0.67449254 -0.46877697 -0.24122523 0.51125044 0.42671084 -0.2106167 1.3971901 0.6243835 -0.19240108 -0.5954873 0.1444368 -0.5321777 -0.62099457 -0.21641076 0.20207803 -0.30817986 -0.77582175 -0.024380166 -0.33274776 0.10704754 0.05489695 -0.29583675 -0.16285215 0.1585337 -0.53642744 -0.8843838 0.5906089 0.4460191 -0.43499652 -0.35432842 0.40279937 -0.77224594 -0.29700756 0.45023268 1.3832532 -0.63031894 -0.3894123 0.32643262 0.28248045 -0.489876 -0.077722855 -0.19729099 -0.21009521 0.29492068 0.1692459 -0.18148905 -0.14038332 -0.19390927 1.1719109 0.44587317 -0.3498206 0.17625387 -0.55815977 0.99831545 0.21850517 0.0677322 -0.8157214 0.047238532 -0.043256454 0.45283097 0.3165422 -0.3159574 -1.2353795 0.2052246 -0.014527927 0.14757924 0.24132559 0.22554755 -0.6840325 0.8551553 0.20614001 -1.0094383 0.27295142 0.098220885 0.43073183 -0.75136936 0.6424571 -0.3966648 0.109294966 0.3006365 0.38209853 0.32232997 -0.42696637 0.012399555 0.83599037 0.21793231 -0.077480264 -0.22299965 0.3195305 -0.6299829 -0.71492076 0.7141104 -0.07376403 0.29504994 0.027155833 0.22384983 -0.06485099 -0.034210183 0.010857734 0.05951164 -0.7788404 1.8043423 0.45266265 1.1338428 1.7760487 1.5815064 1.3149432 1.6083863 1.6568283 -0.849848 0.10765728 0.19187224 0.578099 -0.5932436 0.47125402 -0.474307 0.11526283 -0.6033526 0.33639532 -0.5248859 -0.37059677 -0.089423575 -0.5818204 -0.37304196 -0.15364513 0.12445223 1.7860105 -1.4388717 -1.7910779 -2.3534825 -2.5677493 2.5827036 -1.6752731 0.7700931 0.91315585 -2.4144614 -1.5606031 1.1669215 -0.1749611 -0.46184587 0.4825247 0.05852423 0.5688515 -0.54525065 -0.5253677 -0.7249605 -0.22642109 -0.3195134 -0.0034851301 -0.050217897 -0.24925344 -0.25314724 -0.59248453 -0.15996924 -1.5651909 -2.3194654 4.9944153 3.4342597 2.1388428 -0.20323732 -1.2005996 0.17339678 -0.83909935 0.5011871 1.201375 0.34013522 2.5136564 -0.3127484 -0.7078046 0.0945215 0.80146056 -0.7008127 -0.9057885 -1.3639129 0.054977357 -0.34683496 -0.054970853 -0.08873839 -0.4459335 0.14881203 -0.25515443 1.0617199 1.659637 2.1641908 1.0415368 -0.19139566 -0.34744307 -0.3135381 -0.5465306 0.15400077 0.38445482 1.3656476 0.7644457 0.4131422 0.43221614 0.044777647 0.6418366 -0.4663866 -0.8039881 -0.46917996 1.446966 1.2564026 0.05042214 -0.47081137 0.05860059 0.09473439 0.34440407 0.18175367 0.6072509 -0.015879773 -0.16075398 -0.9196273 0.47535473 0.5057435 0.73812443 0.34822306 0.5688335 1.0857742 0.7915722 0.9311604 0.7271009 0.4557745 -0.4530874 0.47182605 0.2351806 1.2098726 -0.029517952 0.43617266 0.15264603 0.3664389 -0.095328785 -0.3735479 0.2675629 -0.2710718 -0.2582111 -0.14805138 0.32128784 -0.639791 -0.6483779 -1.2584276 -0.56944495 -0.5111208 -0.7942562 -0.3988453 -0.28924516 0.054142993 -0.21368873 0.723121 -0.07605836 -0.61468315 -0.2080903 -0.91094756 -0.1478606 -0.4198627 0.4688543 0.2639688 -1.0040877 -0.035200506 0.3244108 -2.3630364 -1.9050485 -0.68948525 0.09955645 0.08610321 -0.16603553 0.26698038 -0.6833178 -0.90167457 -0.22457458 0.99871993 0.3037642 0.2030601 -0.36236984 -0.407298 -1.0692406 -0.8140604 1.1129675 -0.37884173 0.5741777 0.095201224 -0.21709007 -0.0847324 -0.22020651 -0.24738184 0.38729352 0.12333656 1.3023823 -2.1585102 0.5547723 -0.7018931 -0.00023284901 0.13224036 -0.3142119 -0.51123834 0.35979623 0.19105639 -1.0873932 0.41764528 1.1672103 0.24503212 -0.65134233 0.294416 -0.4822531 -0.65379924 -0.58081496 -0.5055309 0.31919017 -0.06605506 -0.32012758 0.70385176 -0.42912742 -0.72472364 0.8508636 -1.1418715 0.98206294 1.0814534 0.2193512 0.02898069 -0.2060866 0.0689527 -0.5157619 1.3142748 -0.0018454394 -0.19186784 1.1281879 -0.7552204 0.68483204 0.22468396 -0.47088516 -0.8527415 -0.6012389 0.5397604 -0.36100724 0.6509574 -0.0049885153 -0.63026065 0.18754749 -0.10148957 0.93075794 -0.020419154 1.023652 -0.4077654 0.8734864 0.13924454 -0.9305673 0.009673653 0.06930075 0.07421527 -0.123886146 -0.24689898 -0.3155344 -0.07802944 -0.7760003 -0.011013933 -0.75845915 -0.2570459 -0.092212066 -1.2495762 0.25864452 0.094192386 -0.6049432 -0.16758732 -0.10534529 0.7584902 1.3590217 0.69487524 -0.33234885 1.0559776 0.5926228 -0.93174815 -1.4420263 -0.8806877 0.24514914 -0.22176686 -0.100327276 -0.48420116 -0.07347852 -0.519159 -1.0219734 0.053460963 -0.31052512 0.12673968 -1.0854194 0.94329923 1.2978923 0.4139395 -0.49870694 -0.9224054 0.27449307 0.1543007 -0.01644571 0.15018058 -0.65234584 0.8635198 0.58025575 0.20182583 0.7244891 1.1487029 -1.1016966 -0.1106111 0.066160455 0.25256675 -0.15844294 0.11973774 0.1676414 -0.45364478 -0.115046546 0.14981024 -0.08829626 0.07644911 -0.1548915 -0.23969303 0.18751182 0.60880816 -0.3509752 -0.41383427 -0.011936817 1.329047 0.37560317 1.1063904 -0.14366955 -0.60748005 -0.41951814 0.99645877 0.9893427 -1.9163928 -0.072109126 0.18003485 -0.53713495 -0.41195896 0.059295155 -0.122969836 -0.48807427 -0.361927 -0.29742 -0.22188348 0.1001105 0.25191987 -0.7433799 0.22565593 -0.09895352 0.16392328 -0.81045026 -0.48970485 0.34091637 0.40953645 0.48057008 -0.1430091 -0.01771686 -0.6309767 -0.056735527 -0.035435256 -1.472554 -0.04238219 -0.19656637 -0.14665276 0.0015904236 0.19736221 0.07480238 0.30745813 -0.31932226 0.6881354 0.8002488 1.0851562 0.99790853 1.1857287 -0.8429195 -0.75376475 0.55897677 -1.0354978 -0.23290245 0.7587979 -0.012135572 0.11068408 -0.46804044 -0.01563031 -0.62748545 -0.2795165 -0.33058333 -0.26339582 -1.1210026 0.195243 -0.54082465 -0.47688344 0.18268725 -0.15757295 0.17713246 0.04389567 -0.057475984 -0.15050355 0.31335032 0.91635525 -0.24312541 1.0915552 -0.33388457 2.238326 2.3638325 -1.2465694 -1.410551 -0.39171275 1.5663054 1.3202661 1.724437 1.6426381 -0.78685063 -0.43623456 -0.6425984 0.0043538027 0.8749674 -0.43834376 -0.15526608 -0.68947935 -0.4359888 -0.40688494 -0.29269448 -0.48744956 -0.056401275 0.31866083 0.045409027 -0.4653926 -0.28961125 0.5113831 0.15494372 -0.3022406 -0.039058544 0.15007733 -0.45061317 -0.0208153 0.5599584 -0.35012034 0.8769126 0.14339226 -0.18260941 0.21284914 -0.26716027 0.24684389 0.028014978 -0.39045158 -0.2974346 0.21658951 -0.053126894 -0.046703853 0.26265046 -0.11223606 0.26230177 0.22278342 -0.560523 0.17821318 -0.33142105 0.3083115 -0.34635696 -0.46997133 0.030071044 -0.5181557 -0.34704182 -0.3040823 -0.45003206 0.1841098 0.19637069 -0.46754935 -0.046553254 -0.20414618 -0.24045813 -0.019022817 -0.62170774 -0.13322091 0.17176759 0.046462804 -0.034558333 0.11141532 
1 -0.5086448 -0.5170475 0.33461437 -0.45471087 0.3753712 0.33607087 -0.07452179 -0.063104905 -0.19144973 -0.5570997 -0.14176658 -0.26510295 -0.47542945 -0.01977962 0.15547898 -0.4876527 0.43523535 0.36783478 -0.49407434 0.395501 -0.023411764 -0.12209101 -0.08859331 -0.34486654 -0.11646298 -0.38821927 0.20579407 -0.15119806 0.34959027 -0.09746269 0.41211686 -0.085747205 -0.42084208 -0.49394122 -0.015200721 0.27658996 -0.04150263 -0.13765872 0.209766 -0.34825698 0.2784306 0.29501733 -0.09133936 0.28927472 0.37753955 0.34801134 -0.4807485 0.32719204 0.044181038 0.3070505 0.43358096 0.15902236 -0.24832492 0.25032526 -0.21892735 -0.31738618 -0.019449877 -0.022368299 -0.5183759 0.11663879 -0.05038361 0.32088402 -0.11450171 0.3806583 -0.2457242 0.23904061 -0.43828276 -0.5008336 -0.61591184 0.33287945 -0.36105117 -0.01639268 0.6490624 -0.119517125 -0.577144 0.083729886 -0.25526974 0.38377705 0.29416505 -0.058608167 -0.48037454 0.0026114855 -0.54344845 -0.22358832 0.38719675 -0.37864712 -0.4910566 -0.12570308 0.38447616 0.0022290905 -0.08271996 0.62076646 0.008730932 -0.34606308 0.47448322 0.5054684 -0.52707654 -1.2370323 -0.58667034 -0.48369378 0.08732646 -0.29491448 0.3630919 -0.21743104 -0.9190402 -0.023582833 0.29042032 -0.03244501 0.08160446 0.07063637 0.21608883 0.00036550345 0.1918737 0.3437402 -0.55030674 0.2073046 -0.70054317 -0.14670661 0.9671655 0.09265523 -0.48970383 -0.055022236 0.81660736 0.6430603 -0.30191523 -0.6313216 0.19789065 0.009341275 -0.50245774 0.08895632 0.20526008 -0.351407 -0.80860823 0.65255135 1.0362384 -0.9237011 0.18453702 -0.38608262 0.37648603 0.11838747 -0.025698183 -0.21977863 -0.39671963 0.41279927 -1.2454966 -0.6104513 0.5417294 -0.4524838 -1.1797353 0.23105328 0.22479928 0.3919817 -0.6762272 -0.66100705 0.0018212745 -0.36504835 -0.39818925 0.16821621 0.13002864 -1.0447739 -0.00476724 -0.42863816 0.9193448 1.7442688 0.5968663 -0.2819244 -0.014637381 0.2659836 0.38495573 0.36409947 -0.36883298 -0.9256902 0.020062322 -0.15523143 -0.2931444 -0.30571264 -0.38613632 0.724768 1.0658243 1.8815143 -0.38177267 0.9020211 0.3301057 -0.52712935 0.12403026 -0.33588457 0.29826373 -0.13676755 0.42198837 0.4620371 1.1298091 -0.7816438 -0.10638823 -0.6231965 -0.18083338 -0.505268 -0.44209912 -0.44522753 0.40107188 -0.35259828 -0.6841391 0.20750144 -0.0017961282 0.12065327 -0.3998154 0.84228903 -0.117570244 1.2621328 -0.32290787 0.09556507 -0.0014070934 0.19908397 -0.27620924 -0.5708467 -0.18914592 -0.6338731 -0.25558007 0.25020912 -0.5672091 -0.84351134 1.8243223 0.32855654 -0.42688617 -0.3108128 0.38953742 -0.3511344 0.6868133 0.48698786 -1.2587528 0.1976052 0.18949027 0.82599276 -0.13633792 0.89070195 -0.21733454 0.6351175 0.65038294 -0.31023008 -0.5371628 1.6748 0.06794045 -0.13065255 -0.0500528 -0.2687536 -0.048860513 0.2644042 0.32245722 1.7867401 2.1788075 -0.2549363 0.2715048 0.21559462 -0.08018962 0.018044593 0.20348857 -0.19041549 1.069762 1.1188658 -1.2180921 -0.06418737 0.15090173 0.58132267 -2.037078 -0.91585845 -0.16732964 0.07332443 -0.42966655 1.5914928 0.5401529 0.7175888 -0.5987687 -0.5235102 -0.41597912 -0.25490028 0.0015929716 1.430553 -0.5845725 0.14729156 0.40032545 -0.4193466 -0.39426294 0.2965304 -0.21396428 -1.1128931 0.51730084 -0.46531332 -0.14038552 -0.8401884 0.22395693 1.4845452 -3.7260387 -1.3533385 1.4814771 -0.40324545 -0.2296991 -0.78599536 -0.7751787 -0.6299277 -0.41274926 0.8895641 0.17393309 -0.25736526 -1.3188478 -1.1121172 -0.65813535 0.047732737 -0.26845223 0.2562506 0.37068895 0.3173853 -0.2905463 0.5792936 -0.045315634 0.053076364 -1.0947978 1.7097028 1.2500347 -0.07832898 0.398214 0.9151166 0.027852776 -0.35061824 -0.9291273 1.3081982 -0.46164793 -0.0401274 0.5348414 -0.069521934 -0.54858184 0.42281327 -0.10778074 -0.101283036 0.39179224 0.2985376 -0.5244388 -0.3129628 -0.24037156 0.2224189 0.32859835 0.10851423 0.47653115 -0.64687765 -0.9940574 -1.0191544 -0.8487829 0.83631504 -1.0381602 -1.0113724 -0.520154 1.0272219 2.1765134 -1.0325462 -0.47811878 0.1761174 -0.038820155 -0.09245707 -1.4262354 1.3254323 1.9566746 -0.42709944 0.19035783 0.041464295 0.04864524 -0.040791262 0.08327969 -0.17341214 -0.31265706 -0.19788872 -0.53803766 0.094560236 0.40010867 1.1802882 0.45628944 0.2109417 0.77157474 1.3923614 1.3787701 -1.3193507 -1.3314713 0.109978475 -0.48526713 -0.6710502 -0.6380396 -0.89114964 0.7140257 -0.33507496 -0.81832117 -0.8128771 0.82808304 -0.4007887 -0.5093343 0.17394063 0.250787 -0.4525359 0.19892357 0.26673993 -0.041769493 0.2069229 0.34302202 -0.06867842 0.53885555 -0.3619752 -0.11796635 0.65463966 1.3994489 0.09843038 0.29593602 -0.10036271 0.18215413 0.27863148 -0.17972302 0.14800121 0.0865151 -0.6397841 0.623833 0.6565237 1.2844143 0.46913 -0.10910271 -0.0046870597 -0.17749646 0.041064512 -0.23858044 0.6492211 0.59638935 0.28284106 -0.8727924 -0.38487083 -1.0116456 -0.17468847 -1.683033 -0.43384063 0.5816952 0.5696105 0.25497875 -0.42641455 0.6346298 -0.014268662 0.15802553 -0.22765027 -0.030179571 -1.3399259 -0.018565768 -0.117071755 0.813421 -0.1859191 -0.06451714 0.09764991 0.1971688 0.050639395 -0.9581026 0.5772833 -0.15550329 0.26614627 0.50254965 1.0408474 -0.3661097 1.1133829 0.47299528 -0.6510891 -0.08649379 0.5671224 0.73439217 0.08089907 0.2676933 -0.21621865 -1.2931485 0.6468613 0.99600685 -0.21957995 -0.94903123 -0.33576375 -1.0340092 0.7690419 -0.18267004 -0.16616824 -0.19017276 -0.5759865 0.72767097 -3.03141 -0.19514206 0.14027497 -1.0563467 -0.74112517 -1.0312687 -1.799472 1.4066137 0.84711087 1.0266082 0.8774101 -0.8057892 -0.5238882 0.40003246 0.80564064 -0.54758227 -0.52761805 0.57982486 0.33329818 -0.85023576 0.19051565 -1.0907315 1.1505497 -0.12823963 0.09161534 0.036752477 0.38818166 0.85556513 1.655091 1.231149 0.3272731 -0.45014971 0.16963239 -0.75746953 -1.5599275 1.3835883 -3.2922406 1.7539454 1.4628251 0.97546065 0.18362874 0.36149955 -0.21161883 0.27442566 -1.0770135 0.12312844 -0.7339277 -0.046334006 0.86848605 -1.7118483 -0.404577 -0.32221594 -0.14935312 0.0171254 0.3130789 0.066847555 -2.9291022 0.6914755 -0.46862152 -0.163455 0.44255865 -0.22277066 -0.13462931 0.22648644 0.25419202 -0.09362506 -0.81575125 1.5627065 -0.8883298 -0.40508693 -0.6050305 0.33043987 0.1952252 0.14378613 0.26400822 -0.03543265 0.1519677 -0.94264853 -0.06662248 0.42630783 -0.1766822 -0.25102493 0.32215372 0.2636711 -1.1328355 0.58072287 0.33656278 0.41469622 -1.2426794 -0.3844941 0.4356209 -0.58036876 0.11980966 0.11560229 -0.15230696 -0.28334436 0.6298682 -0.32356316 0.047996942 0.028046614 -0.5613008 -0.25460392 -0.75526965 -0.3764295 0.8526983 2.080528 0.47470734 0.3970997 0.19317025 -0.31082192 -0.22389218 0.023003383 -0.7283483 -0.7443419 0.98995686 -0.8222569 0.3270259 0.25248852 0.31623524 0.7751344 0.0017045495 -0.43809527 -0.3897823 -0.18199028 -0.35645765 0.059883244 -0.4117471 -0.08157665 -0.3369774 0.8479785 -0.74130183 -1.2527121 -0.40898404 1.0089554 0.35105118 -0.32470444 -0.4193224 -0.38229308 0.22620505 -0.47635546 0.31581664 1.1674228 -0.018121056 -0.80094206 0.11714796 -0.56596655 -0.11262943 -0.44826508 -0.4266333 0.19402602 0.36631748 -0.13933918 -0.07521171 0.14588352 -1.0526596 0.48203433 0.15840296 -0.1340302 -0.7039671 -0.6030102 1.2778598 -0.09777599 0.58039945 0.13383171 0.12446519 -0.054450724 0.07525804 0.5463643 -1.1063619 1.0623715 0.94314504 -0.75662 0.60518 -0.21397935 -1.116645 0.36528045 -0.6266618 0.71822006 0.9188016 -0.7125202 -0.269006 -0.09237321 -0.23624411 0.08588589 -0.6252952 0.26839396 0.08388342 1.1520777 -0.14514188 0.2051355 0.121265955 -0.2420057 -0.48680666 0.13842466 0.2931603 0.33738747 -0.8359501 -1.0177734 -1.6112349 -0.5488508 -1.1184186 0.6452779 0.27759522 -0.35616747 -0.039319277 0.08121589 -0.3221851 0.49276024 0.5938515 -1.0936056 -0.4357952 -0.3738731 0.47625643 -0.8200756 1.0661155 0.74662787 0.09104025 0.16749352 -0.07043461 -0.09627896 0.3714461 0.4307129 0.26367566 -0.45203534 0.4042087 -0.06183799 -0.71880513 0.33980188 -1.1497608 0.06170639 -0.6710918 -0.54178154 0.5668479 0.21483825 0.5885615 -1.1424142 0.071109794 -0.09096851 0.92944944 -0.4305651 0.28974086 0.053623375 0.10493737 0.28145096 0.22096348 -0.12371154 0.29391107 -0.47869495 -0.24819933 -0.47682682 -0.5161079 -0.16283703 0.17038038 0.3792641 -0.05628025 -0.013310309 -0.43032652 -0.6274343 0.825242 0.9472584 0.7708749 -0.0342143 1.0550212 1.123672 -0.76222813 0.784505 -0.045430005 -0.47186837 0.21210636 -0.5289358 -0.48846027 0.15646973 -0.18520051 -0.16404751 0.36127266 -0.4524471 -0.023046887 -0.00023438496 -0.060469683 -0.46817175 -0.3023537 0.31877097 0.055005606 0.067301236 0.28800824 0.21423179 -0.4307731 -0.11651113 0.054451775 -0.1225556 -0.32744417 0.20914023 0.30188677 0.16431358 -0.24343337 0.0474375 0.008608482 -0.10900169 -0.2001161 -0.42266515 0.22563785 0.06035601 -0.2589803 0.055767093 -0.054453466 
1 -0.49596015 0.3546321 -0.22216325 0.33775434 0.2629083 0.26317272 0.28381047 -0.057220224 -0.031362433 -0.36981913 -0.13454078 -0.16497536 -0.5978536 -0.48415038 0.30317596 0.27113512 -0.37180033 0.19031046 -0.0126829725 -0.07362479 0.34738216 0.10130972 -0.23862876 0.14867531 0.16493942 0.07920097 -0.29466066 -0.16807385 -0.09716791 -0.60148793 -0.29768452 0.065285325 0.15275528 0.13149293 0.9351495 -0.8749319 0.84793055 -0.84524536 -0.34892365 -0.9251329 -0.22080682 0.16252112 0.348619 -0.024738844 -0.076206945 0.09736821 0.13620295 0.37678814 -0.095799744 0.4841918 -0.38614002 0.42279384 -0.13805862 0.35678884 -0.53621715 0.0100333765 0.3730403 0.29969773 0.07767427 -0.2891337 0.27485833 0.19985394 -0.05179743 -1.0334278 1.578094 -1.4503709 -1.1527398 -1.3450103 -1.3692508 -1.3826803 1.3357068 1.1083652 0.71470714 1.058773 -0.25345635 -0.06998396 -0.5500584 0.011099151 -0.42201996 0.17075641 -0.56863457 0.17871983 -0.06847113 0.37330732 0.15751491 0.32037053 0.2764223 0.15204494 -0.062221438 0.2711526 -0.9039287 1.7419953 -1.3416187 -1.6206127 2.3327782 -1.6777276 2.686267 2.5234191 1.8712627 1.2544006 -0.94026446 1.9248884 -1.1772063 0.6123466 0.91829056 0.1577732 0.17927447 0.34391063 0.2861323 -0.25870135 -0.21491061 0.2574763 -0.54806846 -0.5721707 -0.5237792 -0.18445517 -0.34783778 0.21034741 -0.52891266 -0.385526 0.76121485 1.4505243 -0.5887842 -1.4796873 0.47420752 -1.01378 0.8007683 -0.13836655 0.9984909 -0.65256906 0.45244128 -0.43262914 0.5427538 0.17960943 -0.57682467 0.34978497 0.003905459 -0.463527 -0.13898341 0.35231802 -0.53269714 -0.32858017 -0.4393691 -0.007157404 0.028992323 -0.2868361 -0.17362338 0.35384923 -0.006417208 0.4151853 -0.4314699 -0.31127167 1.0127218 0.52661127 -0.029369814 -0.40810636 0.22207394 0.09419123 -0.49086535 -0.30125782 0.97875094 -0.3299585 -0.73126805 -0.99551815 0.2304259 0.26330906 0.17095587 -0.61564493 0.25648114 -0.27298567 -0.10423595 -0.19152601 -0.24279739 0.18064475 0.33083838 -0.18378313 0.32948795 0.5326854 -0.27246085 -0.14020287 -1.2730772 -1.3159287 -1.3314686 1.5019921 -1.3623651 -0.6722258 0.3209081 0.27598193 0.14190933 -0.2380852 -0.8895612 1.3359033 0.6556878 -0.5852362 -0.4875767 -0.23869707 0.08942199 -0.29582438 0.013625201 -0.073098086 -0.24881797 0.20405641 -0.46507797 -0.26292557 0.018984126 0.49190006 -0.639571 0.40005043 0.44015646 1.3138552 -1.0066766 0.69933873 1.865485 -0.160698 0.36475474 -0.08231241 0.34775665 0.014999782 0.62675494 1.0916164 -0.14809301 -0.46325514 -0.45348945 0.4395263 -0.2691743 -0.4157224 0.2547458 0.16746865 -0.036491957 -0.43613437 -0.053704083 -0.22600283 -0.5930438 0.29736477 -0.65414065 0.9178194 0.6667203 0.80501056 0.73310226 -1.607719 0.1495016 0.60483664 0.020456929 -0.25404814 0.20416941 -0.0620653 -0.3090344 -0.20322143 0.58988035 -0.703957 0.76914847 0.5399355 -0.58226836 -0.30045477 0.34444687 -0.92331755 -0.118137926 -0.32248646 -0.18243878 -0.47804576 -0.07201096 0.9064624 -0.579579 0.513773 -0.50258875 0.18873931 2.4486334 -0.7359316 -1.7189729 -0.06949413 0.17401378 -0.10333423 -0.43298277 -0.22430557 0.2498798 -0.61726266 -0.21230343 -0.15904297 0.9197102 0.076496765 -0.31086352 0.16734521 -0.6818803 0.7890818 -0.38436005 1.1950898 0.022378448 -0.837834 -0.8199066 0.0707444 -1.1506048 -0.16315787 -0.34627736 0.80771923 0.62608486 0.6150066 -0.32778725 0.4461233 0.43967217 -0.2141332 0.013362585 0.9305392 0.0343336 -0.8094045 -0.77432656 0.28088805 0.2675676 -0.43104538 -0.21368514 -0.39046603 -0.8214805 -0.6910743 -1.0330722 -1.1045815 -0.4778304 0.2541442 -0.67556983 -0.24858184 -0.54416513 -0.4702414 -0.16759971 0.6550938 1.2580577 -0.26628488 -0.56490976 -0.8791761 -0.33508155 0.7007045 0.11338198 -0.37143627 0.5351542 -0.7044419 1.9832373 0.8960198 -0.5119647 0.2797465 0.027418278 -0.18386449 1.3451018 0.78966784 0.75639087 -0.078575864 -0.81809807 -0.0224802 -0.094850644 -0.24059756 1.3030154 -0.7678103 -1.1014163 -1.0802158 -1.1385955 -0.65551734 -0.35362643 0.98795265 0.518906 -0.43567574 0.017490763 -0.050723415 -0.3359149 -0.015922938 -0.6994753 0.78323656 0.043127786 -0.014119929 0.36753926 -0.14794625 -0.037564974 -0.22173855 -0.5566116 0.62939745 -0.3610555 -0.13270108 -0.6740961 0.32505855 1.9049695 -4.914057 2.230404 0.90405256 -0.017917505 -0.51602083 -0.9812455 -1.1566414 0.56923115 -0.92271924 0.018937504 1.1361837 0.3858273 -0.4498275 1.1750396 -0.85841703 -0.2935823 -0.64601296 0.28265068 0.4481726 0.230875 -0.24514091 -0.32468563 -0.53607255 -0.5311539 -1.1011597 -0.017040407 1.791869 2.381265 1.4709063 0.7829876 -0.03037287 -0.4282595 0.6442511 -1.0814688 -0.8502015 -0.9394861 -0.49827853 1.2883105 0.32757154 -0.2580807 0.18000191 0.11016229 0.2587817 -0.5539063 0.15671773 -0.34324488 0.15700151 -0.60306436 -0.12523797 -0.7454895 -0.4724341 0.7048183 1.2254386 0.43722925 1.8565081 1.7093315 0.89514905 0.093835674 0.7200799 1.3724697 -0.14843377 -0.7377897 -0.7390726 -0.075996816 -0.8312616 -0.013238871 0.63858354 -0.35787374 -0.58893704 1.1701076 -0.9104437 -0.49858168 -0.36257282 0.11132744 -0.192634 -0.3499463 -0.90902865 0.41075847 0.3960598 -0.068417795 -0.41008118 -0.4617714 -0.8924169 0.36629826 -0.2573305 0.21901777 1.4559723 1.4251876 0.9477991 -1.6161747 -1.7988974 0.35733545 0.7028144 0.80797225 -0.8794764 -0.5561348 0.13607126 -0.82264715 1.0829698 1.1342704 -0.2024339 0.3661078 -0.009450976 0.23108523 1.3591948 0.22289695 0.25379553 0.29701394 0.4253706 1.3361707 0.018153843 0.5935049 -0.10029587 0.14286177 -0.7133971 0.94097805 -1.2050788 0.48214987 -0.33367074 1.063088 -0.5091589 0.20002379 -0.49434972 0.3208943 -0.5106335 -0.4053514 1.7164471 -0.20829974 -0.59127325 -0.48408243 -0.4985192 -0.49141917 -0.75702 -0.23542278 -0.20596261 -0.22068848 -0.0554868 0.8676614 0.18282485 0.4513106 -0.4749661 0.1693369 -0.8541235 -0.8765198 -0.26873103 -0.35317653 0.22901793 0.6966323 0.7291237 -0.955169 -0.34516567 -1.1288027 0.64984083 -0.68765163 -0.6935017 -0.25110382 -0.4960238 0.29863283 -0.24621382 0.29362813 0.23285903 -0.43717375 0.4715739 -0.27705932 0.6813757 0.013202772 -0.96973956 0.07900773 1.2817101 0.10993618 -0.12035395 -0.7811933 0.23044857 0.63009 0.7172155 0.0325006 -0.6135062 -1.1886371 1.0890154 -1.496316 2.1623812 -0.7023646 -0.6606201 -0.18431132 -0.38820323 -0.15609767 0.122376695 0.34423277 0.08446956 -0.31648487 -0.71958834 0.39976683 1.88702 0.71882176 1.4844592 1.6182308 0.901862 -0.82433575 0.5032557 0.6681119 -0.13602239 -0.057246786 -0.24742673 -1.0827245 -1.1837 -1.1086524 -0.8583936 -1.2073538 1.0589516 -0.2638128 0.07393037 -0.31166962 -0.55789334 -0.28586814 -0.23176824 -0.10868257 0.24244237 0.49841216 -0.25561166 2.898079 0.5143264 0.3478248 -0.56149954 0.09485467 -0.3393001 -0.9408608 -1.0954702 -0.33194503 -0.46362674 -0.6316163 0.16441727 0.2941481 -0.5471029 -0.41548175 -0.46272364 -0.5862189 0.37225598 -0.2441762 -0.42938164 0.003999639 0.18697779 -0.29293028 0.08610031 -0.45298532 -0.35729071 -0.45834348 0.71360415 0.602475 0.40973184 -0.11437154 0.35765687 -0.19979362 -0.1865274 -0.023433328 -0.83414865 0.48005593 0.29911977 -0.31557143 0.93756914 0.36053994 -0.12749015 -0.80617017 0.06828243 0.34876204 -0.17221878 -0.27626124 -0.4978095 -0.45710084 -0.123927265 -0.05175383 -0.4163678 -0.20379008 0.3414478 0.10969973 -0.042108305 0.107790366 -0.32477534 0.20845588 -0.024657005 -0.65322083 0.81940323 -0.3878597 -0.8477073 -0.047791366 0.37998775 0.02183733 -0.4753547 0.16987257 -0.98142475 -0.15842769 -0.8550438 -0.09218157 0.18599126 -0.37737772 0.20457287 0.32373473 0.027592596 0.28911802 -0.4393237 -0.06774451 -0.38533995 0.48001823 -0.030999852 0.28889924 -0.13585477 0.28951752 -0.15877114 -0.22878772 -0.40027153 -0.6042355 0.13372749 0.46259195 0.31422478 -0.16425893 -0.055125777 -0.37052986 0.30921966 -0.5333031 0.43367493 -0.30265027 0.15282542 0.24847558 -0.03519198 -0.31447157 -0.18208672 0.25810406 -0.47240117 -0.25876048 -0.34393016 0.0861189 0.34687296 -0.49523765 1.0801901 -0.1890507 1.3952665 1.2626306 -0.9442103 -1.9230329 -1.5058892 0.47050682 0.43897408 0.7840954 1.6333418 -1.8153584 -1.493149 -1.7353764 2.1368747 0.5766322 0.021615338 0.34334108 0.10026476 0.10951933 -0.49428633 -0.368713 -0.35246566 -0.19235729 -0.10610609 0.17917152 0.14897025 0.31954744 1.0105844 -0.42728528 1.4616575 1.3335556 1.2982249 -0.89395344 1.6026239 2.3681228 -1.7102696 2.337427 -1.6693033 -0.58524513 -1.3836725 -0.78081095 -0.65632695 0.24418874 -0.19049136 0.10369708 -0.06742409 -0.2898142 -0.00068553025 -0.39805272 -0.35283878 -0.19320105 -0.07864879 -0.16128354 0.07712071 -0.4137716 -0.26442292 0.5113651 -0.15473205 -0.003478098 -0.6766613 -0.23638344 0.7280355 -0.7801794 -0.82990205 0.12528928 0.43786946 0.17169484 0.41912344 -0.4599096 0.06814203 0.30473778 0.16525258 0.31696555 -0.16092218 -0.0006975115 -0.6056965 
1 -0.103261895 -0.2428105 0.06012719 -0.30106938 -0.3870325 -0.26171595 -0.27058792 -0.32225305 -0.09621564 -0.21472524 -0.3701651 0.032048427 0.070416786 0.06950737 0.30677283 -0.48041356 -0.44147527 -0.56625307 0.40610647 -0.2787568 -0.5418606 0.36141336 0.2876773 -0.3971752 0.32727885 -0.13638948 -0.17715998 -0.31038457 -0.05328129 -0.26712257 0.34447467 -0.053585384 0.29054332 -0.43455637 -0.4689827 0.12640755 0.14858054 0.39812556 -0.35283768 -0.5122342 0.16794454 0.069487475 0.18578534 -0.5699161 -0.21741666 -0.34808347 0.22675101 0.3802979 0.26984215 0.15194799 -0.292426 0.121135004 0.1509795 -0.1492454 0.13242732 0.36218715 -0.40023792 -0.45930016 0.3350441 -0.51389223 0.036234602 0.07358319 -0.5615514 0.002246519 0.30334505 0.004233484 -0.085201465 -0.048083987 -0.116608925 0.050646592 1.2276617 0.7183228 0.8032713 0.37738353 -0.63612217 -0.30334386 0.060074206 0.22511274 0.037317384 0.14032541 -0.5368825 0.35651344 -0.20064862 -0.004494599 0.06773294 -0.39057875 -0.00005238962 0.14026257 0.060742002 0.28390473 -0.0808584 0.08294993 -0.36289185 -0.509907 1.2690872 -0.18159258 -0.042378593 0.40875083 0.9386504 0.47387227 -0.18663624 1.0557836 -0.83960646 0.8278796 0.10864474 0.72118807 0.106620446 1.2119232 -0.66093296 0.069194995 -0.2502007 -0.49166656 -0.39571822 0.40414208 -0.1542096 0.25019684 0.021284694 -0.2495878 -0.58261526 -0.8708603 1.1801482 1.2571836 -0.47043455 -0.047681775 0.73310673 -0.23040234 0.31319648 0.07531296 0.38442594 -0.17800869 -0.24655004 0.6335696 -0.38282323 0.65684146 -0.88794774 -0.025741735 0.05781394 0.50977695 -0.33403465 -0.5073681 0.23368515 -0.54554594 0.37626636 0.23179421 0.8088379 0.81523025 -1.1467327 0.47589844 0.21867333 -0.41332853 -0.6667562 -0.32856804 0.5732632 0.23601884 0.19941802 0.37855533 0.15524825 0.048063863 -0.44117758 0.19745156 0.13025703 0.27917185 -0.6282085 -0.64807975 -0.05013596 0.2734259 0.6049659 0.25051203 -0.18324007 -0.26592332 0.28096637 0.15011485 0.032444797 -0.6118712 -1.187275 -0.5042716 0.3314109 -0.31984773 -0.0323959 -0.12924553 1.1297665 -0.52996373 -0.85505176 0.39408997 -0.4131619 0.12153481 0.06741431 -0.15845439 -0.7078095 0.16226031 -0.31923354 0.8811817 1.1027673 0.58787817 0.45635948 -0.06336913 -0.4757985 0.31241024 -0.23020923 0.77749085 1.5480045 -0.114105634 0.8844051 0.22448647 0.0061614867 -0.74963737 1.1183568 -0.28618398 0.3839687 0.38962102 -0.4390435 0.051799577 -0.21230152 -0.148195 -0.12413859 0.96311414 1.1495024 -0.6550009 0.9638331 0.05138956 -1.2277913 -0.9401967 0.039711658 -0.104336955 -0.28341186 0.1494817 -0.107432745 0.5595789 1.7666999 -0.9494357 -0.75577503 -0.22288693 0.9628779 0.40244278 -0.31500822 -0.6694303 -0.34022257 0.26113686 0.20803407 -1.2060683 0.3832935 0.09849957 -0.24307516 0.41884375 -0.16589892 1.3521837 -1.1966608 -0.55633914 -2.2369204 0.95461756 0.28515837 0.1742286 -0.33117756 0.2598304 -0.15042503 -0.6658482 -0.740438 -0.727705 0.73085976 -0.3958957 -0.02931648 -0.054841843 0.29117802 0.69798005 -0.3701047 0.47528344 0.6599941 -2.1882286 -2.1366417 -1.2031316 0.84589785 -0.069258496 -0.39405558 0.1105631 -1.2576286 -2.5961895 2.488064 -6.3105936 -1.3497007 -0.06496496 -0.5120592 -0.2032323 -0.45660564 1.0655745 -0.84451765 0.194414 0.43463105 1.0243573 0.12329529 -1.0931582 0.9227634 0.7055809 -0.88994676 0.103211135 0.42736325 0.5420542 1.3826113 0.59482783 2.5317883 -3.218239 -2.1139925 1.0909871 -1.2987338 1.5930175 2.5048707 -4.489321 -1.6801599 0.21269126 0.015273832 0.23026042 -0.35752025 -0.6850638 0.28608447 0.55709535 0.93428195 -0.21550202 -0.595432 0.30479398 -0.47563756 0.15926056 -0.4370587 -0.66522926 0.06062916 -0.34511063 0.122616924 0.31683528 -1.4604211 1.3566339 4.9424353 -4.347179 5.4772396 -2.6084294 3.364568 0.34744847 0.3013845 0.2071658 0.3266862 0.17238136 0.08398486 0.48577937 -0.4647848 1.1186662 0.43186012 -0.48128358 -0.613867 -0.10892469 0.034951687 -0.92525077 -0.48107183 0.5255897 0.16944663 0.12300129 0.21612696 -0.4447569 1.1142709 0.61096966 -1.155611 4.7075624 6.574025 -3.684132 -1.8353639 0.6131643 0.08005545 0.30064815 0.31637764 -0.3203579 0.034142423 0.05408938 -0.33507442 0.17332073 -0.11485353 -0.3802983 -0.15411185 0.39457121 1.23669 -0.68644816 -0.28666928 0.0897887 0.2795869 -0.9210991 0.8203428 0.93832195 0.4146234 1.0487671 -0.53644735 0.51710075 -1.4858167 -2.8082378 4.252637 -0.7501898 -0.233586 -0.31012446 -0.385235 -0.31381786 -0.40512103 -0.3340288 -0.27921826 -0.08472489 0.34602872 0.45146313 0.41963282 0.5944163 1.0529251 -0.5725387 0.053447045 0.2759792 -0.6485679 0.43738955 0.35227996 0.65255564 0.054947503 -0.21324135 -0.09316951 -0.028733006 0.40353152 3.3344862 3.6241164 1.2297809 -0.11716878 0.30574983 -0.36934322 -0.22159989 -0.27652994 0.12135068 0.30131075 0.24090493 -0.96362776 -0.1689864 -0.3000504 0.08016887 0.3794528 0.614592 0.4780289 -0.23500156 -0.33394864 0.42106932 -0.041945208 0.20854104 0.2179679 -0.045440182 -0.71619654 -0.5159068 0.29577383 -0.7862157 1.4480306 -0.06475691 -0.14807726 -0.297285 0.25611967 -0.29501456 -0.012892287 0.15366855 0.3648044 0.5231193 -0.21668056 0.69779754 0.294648 0.283695 0.09692745 0.7157274 -0.63119733 -1.1254476 -1.7059628 -1.3434801 0.38448268 -0.087581806 -0.24283102 -0.23156773 -0.81993145 -0.31182927 -0.26301423 -0.5214245 -0.027044686 1.1061134 0.17165004 -0.094617315 -0.01844276 -0.16190626 0.037902195 0.077768266 -0.5785457 -0.35980394 0.7738138 -0.84453976 -1.3767469 -0.8620655 0.8801466 0.35897908 0.5709789 0.88883126 -0.67782265 0.39522386 -0.046440776 -0.55510503 0.4824013 -0.5576092 -0.37622714 0.21631493 0.39202195 0.10052823 0.0562031 0.7998072 -0.79549515 0.2916257 -0.06771176 -0.38776487 -0.4125461 -0.20162788 0.018091014 1.0390536 -0.8277479 -0.41215402 -0.51656854 -0.32875913 1.2101045 -1.7794201 0.45490754 0.60460305 0.31186697 0.13451874 0.46974638 -0.13659382 0.0384126 0.37322682 1.2190225 0.25593704 -0.43751281 0.17027496 0.18162662 -0.42851037 -0.5316882 0.08441808 -0.39437962 0.19971685 -0.56598973 0.8606473 -0.1518107 0.34069917 0.81374043 -0.17118564 -0.3274626 -0.06776604 0.037594125 -0.17665136 -0.3599037 -0.8050514 -0.4825672 -0.16568895 0.29952842 -0.48679107 -0.53017914 0.0027152812 0.22721316 -0.062383104 0.14538391 -0.44012797 -0.066094 -0.85654366 0.9747814 0.2879387 -0.078817956 -0.44665313 -0.12329184 0.115817994 -0.4981652 -0.043004528 0.3354184 -0.5030527 -0.31407374 -0.25081065 -0.28963584 -0.16803782 0.5722395 -0.17472607 0.18131407 -0.12379601 -0.12807637 0.14793305 0.029097065 -0.5678329 0.28959197 0.06300425 0.5458882 -1.2390548 -1.1137139 1.2911855 -0.06785103 -0.06849354 -0.4835295 0.37302816 -0.017632501 0.707008 -0.545591 0.40072778 -0.35293487 -0.62743884 0.11949337 0.70841724 0.73046863 0.90744436 0.6653302 0.4541369 0.726026 -0.12865005 0.25045776 0.10232869 -0.3502189 0.26438993 -0.56367683 0.5789783 1.380134 0.25938475 0.08497674 -0.5915711 0.28395218 -0.19057794 -0.21138988 -0.23132135 0.3438302 0.015483303 0.33071303 0.1312226 0.30678067 0.24723397 -1.2599279 -0.34153727 0.00305287 0.36626676 -0.32142392 0.020493349 0.27655277 -0.57739353 0.64002377 -0.61592364 0.14502175 -0.45064926 -0.68064845 0.36004177 0.3001203 -0.30419102 0.37663192 0.22156596 -0.24775456 -0.4526826 0.34638548 0.10677297 -0.20284604 0.09122909 0.29731667 -0.11796584 0.13670291 -0.1453112 0.5103236 -0.3976111 -0.5739779 -0.4576703 0.68153816 -0.059955087 -0.27875534 -0.36672512 -0.44370228 0.33050415 -0.023468653 -0.006461339 0.11958303 -0.9629149 -0.22538845 -0.40425724 0.3656422 0.0866011 0.016997246 0.3035909 0.08617645 -0.5335387 -0.45821667 -0.0829907 0.50076705 -0.038546234 -0.41502252 0.6715647 0.54184014 -0.58673775 0.24746759 -0.556832 0.5585021 -0.099076696 -0.28977633 0.110049814 -0.26547217 0.17597261 0.39087936 0.3618863 -0.04380476 0.6991304 -0.35368073 -0.15542473 -0.35122687 -0.27639788 -0.25903845 -0.56601834 0.35046673 -0.09183013 0.17191581 -0.32614857 -0.0592972 -0.053275224 -0.20559599 -0.41400012 -0.22503471 0.169973 -0.46505216 0.02187247 0.39358857 -0.32819188 -0.3733481 0.31207114 -0.2840296 0.09168906 0.4252842 -0.3011207 -0.58808494 0.15439078 -0.36006105 -0.24121527 0.06630998 0.36914527 -0.05637144 0.121271215 -0.3160119 0.07495286 -0.36046576 -0.2011316 -0.5679811 -0.3862862 0.5265622 -0.005819875 -0.67518973 0.54772294 0.36238414 0.036996476 0.072486304 0.2698961 0.43787053 -0.16096778 -0.34517798 0.13104922 -0.5664418 -0.42327696 -0.6358037 0.2460766 -0.30420977 0.30676657 0.28344047 -0.13232203 0.3418659 -0.4262724 0.086586796 0.18074815 -0.19422166 -0.05962665 -0.26618218 -0.056443643 -0.0920301 -0.52575254 -0.52731824 0.17291589 -0.31881896 -0.30220887 0.00024826283 0.24586834 -0.27548385 -0.22871403 0.080108084 -0.23822708 -0.23117365 -0.16715208 0.30961052 -0.16781251 -0.46715206 0.4176287 -0.119967885 -0.06730396 -0.23751105 -0.4018836 
1 -0.5688316 -0.40930033 0.0018870102 0.29515302 -0.10759196 0.10484834 -0.041619644 0.074122444 -0.5761512 -0.40668178 -0.40010405 0.25545418 -0.48352158 -0.25210756 0.2804215 -0.41205424 -0.16785109 -0.07958174 0.061414234 -0.061138924 -0.058749154 0.042861775 0.2530997 0.33070207 -0.57912046 0.16836381 0.31414282 0.08451165 0.27145278 -0.27564317 -0.60402364 -0.4625553 -0.3576352 -0.60487425 -0.34130645 -0.45785457 -0.6273252 0.47290754 0.4816835 0.14400391 0.20762894 -0.8487674 -0.30618808 -0.044063687 -0.36151716 -0.2616285 0.2519894 -0.8083226 -0.7393914 -0.25996083 0.20600593 -0.14829749 -0.55812997 -0.4102254 0.11544393 -0.2350041 0.023850923 -0.27574486 0.23505256 0.25502354 -0.22455342 0.0042746975 0.20432027 0.169248 -0.10233598 0.04034448 0.6128681 0.59673613 0.6610508 0.14206801 -0.65843433 -0.2944128 0.12348801 -0.98259854 0.5701417 0.32487452 -0.03553705 -1.6933236 0.7721266 -0.3323189 -0.065117314 -0.27810144 -0.19164696 -0.040691487 -0.36480987 -0.071667045 -0.64424044 0.4059674 -0.024316104 0.09489083 -0.45453835 -0.59405166 0.137028 -0.18985265 -0.079179026 0.4397283 1.0337789 -0.08291152 -0.15960824 0.34463355 -0.21673208 -0.43937203 0.26648897 -0.4768659 -0.19540325 -0.36107424 -0.760286 -0.73861843 0.33920038 -0.40585518 -0.1385667 -0.1176043 0.32101858 -0.40174627 -0.3652821 0.22903258 -0.08668693 -0.461648 -0.02411625 -0.14001836 0.527595 0.08269825 -0.33100408 -0.4294215 0.7236224 0.023265257 -0.4156155 0.70805717 -0.124639764 0.045007285 0.18487239 -0.86934286 0.62366134 -1.1039987 0.4245025 0.49996394 0.3147604 -0.04171741 -0.36960977 0.117047206 0.28918588 -0.32754666 0.34030616 -0.6875068 -0.14148104 0.14177322 -0.15782186 -0.28944847 1.1097097 0.21738207 -1.5968776 -0.745098 0.4868816 1.091755 -0.9318295 0.37786794 -0.9605122 -0.1543253 0.61394465 0.36178255 0.7495362 0.0482468 -0.65515053 -0.18885651 0.19526367 -0.4621538 0.2860688 0.25756687 0.18767288 0.1383264 0.19350132 0.07371557 -0.17006525 -0.68701506 -0.70639294 0.13996531 -0.13497074 -0.17822471 -0.3460244 -0.8372285 0.0029034626 -0.3841379 -0.59554 0.74641585 -1.069598 -0.2827992 -0.121320985 -0.04022514 0.62802106 0.47505495 -0.33447096 -0.107979365 -0.15465222 -0.4756256 -0.31551123 0.14025533 -0.12118848 -0.43005377 -0.014179473 -0.06597305 0.85626364 -0.8383752 0.6414534 0.8828346 0.23883988 -1.0242214 -0.08466721 -0.074481755 0.47034827 0.4522961 -0.5674334 0.22505268 0.060486846 0.5830347 1.810514 -1.0702584 -1.8401769 2.0304034 -1.550599 -1.2035004 0.9064146 0.44951984 0.19465056 -0.080669686 -0.00038931152 0.091298 -0.55568546 0.6191568 0.9449968 -0.943958 -0.6232202 -0.24171303 -0.031586897 -0.1291957 -0.48776573 0.21179688 0.9671526 0.43104908 0.44071668 0.19834714 1.2972668 0.90759474 0.012798432 -1.7096605 1.600009 -0.7855237 2.632671 1.8276087 2.1528547 -0.46357358 0.47535872 -0.0553986 -0.43419325 0.12734693 -0.19219974 -0.5778864 -0.75724393 -1.1044719 0.74219435 -0.084687375 -0.1301964 0.22652969 -0.561123 -0.2958676 0.32706603 -0.108988345 0.79351926 -0.970265 -0.71562445 -0.7099245 1.8717672 0.80848926 0.8709717 0.68694854 0.79799217 1.3838959 -0.61272985 1.5050012 0.7892251 -0.1762546 0.2656873 0.08532545 -0.030007904 0.579126 -1.1035959 1.2377508 0.17385688 -1.0803206 -0.3711048 -0.095434956 -1.3330625 -1.281955 0.36028564 0.43293497 -0.023501603 0.8056987 0.79519415 0.3514222 0.54108334 -1.1292177 -0.6648469 -0.42924458 0.08995688 0.07370076 -0.71718436 1.6839336 0.2949924 -0.5505987 -0.5398558 0.03802996 0.00003912696 -0.2849399 -0.68774414 -0.122458145 0.39735633 -0.5918722 0.10912572 0.34939584 -0.5985768 0.3053448 -0.47106826 -0.39963865 0.48177367 -0.42862803 0.9079919 0.1910461 -0.47952616 0.64948684 -0.093031324 0.81135356 -1.0228612 0.59552604 0.01213414 1.9430404 -0.53009236 -0.0039043096 -0.08721396 -0.505834 0.06729081 1.1684506 1.3986578 -1.167643 0.8389108 0.016019912 -0.06515578 0.29239509 -0.013116352 -0.41002712 -0.24310184 0.63491595 0.030950138 0.5095819 -0.1308554 -0.22653823 -0.42844892 -0.009231141 0.23864743 -0.90819246 -0.46539614 0.90541834 0.33064285 1.6591172 1.1545513 -0.43393576 -0.036830485 0.070773125 0.28259486 -0.4784875 -0.47898135 -0.22208178 -0.3331033 -0.4556551 -0.26124868 0.74241656 0.8411755 -1.7749654 0.2616895 0.099363424 -0.6308524 0.5024758 0.047539584 0.23546314 -0.6707334 -0.49911785 -0.2143043 0.31230557 0.2184982 0.24806684 -1.6456499 -0.13003029 -0.977447 -0.41371137 0.14752653 -0.34326434 0.20977846 0.7537109 1.798653 -0.20930216 -0.73655826 -0.541684 0.061661787 0.9880869 0.9221401 0.50645006 0.7962859 -0.35143965 0.4900974 -0.1746407 -0.008166311 -0.08217897 -0.27437314 0.013701016 -0.009629896 0.33343711 -0.6127767 -0.9708168 0.27150685 0.39565134 -0.8616375 0.1910283 -0.45309472 0.06945968 -0.26589358 -0.3972655 0.39903688 0.9713987 0.09131975 -0.2734357 0.45382896 0.9109928 0.3646621 0.6375383 -1.0041517 0.10721932 0.5733577 -0.45020595 -0.58157164 0.12568903 0.394054 -0.2045451 -0.30142123 -0.7158442 -0.4341259 -0.5912686 -0.5934174 -0.42673242 -0.6463039 -0.12209715 -0.5786529 0.29157758 -0.17434216 -0.39097786 0.30407295 0.06922311 -0.15509297 -0.4089439 -0.16055278 -0.55958295 -1.0406926 -1.2335721 -0.31024617 0.5589957 0.74980134 0.43235767 0.7118344 1.0124435 -0.5798671 0.39760855 0.9434195 0.10468073 0.6392147 0.020946205 -0.617006 0.98933494 1.2286364 0.18150656 -0.30117154 -0.33464646 -0.001965352 0.7246005 1.062597 0.8626523 0.28289258 0.17741752 0.4445145 0.8110157 -0.03946764 -0.5074595 -0.62154037 -0.112458155 0.737021 -0.7953809 0.3067631 0.049699623 0.16177465 -0.11121289 0.96509886 -0.5942183 -0.46449363 -0.025275048 0.15241544 0.6054349 -0.10550743 0.24069227 -0.40726018 0.30908597 -0.55558425 -0.59093547 -1.1681634 -0.27618104 0.22395015 0.14829923 0.114428796 0.77579945 -0.19808565 2.21873 -0.64052033 -0.40462637 -0.287173 -0.19224086 0.34611416 -0.88554174 -0.097711705 -0.32526836 -0.46056053 0.50350827 -0.106384516 0.19079445 -0.55208004 -0.516798 -0.60264975 0.036474288 0.17356166 -0.27747715 -0.59623754 0.12694617 -0.22734067 0.8463024 -0.9175584 0.30160445 0.26581237 1.114377 -1.1929004 -0.88287324 -0.90110844 0.847256 0.0017854716 -0.20322123 -0.55780894 -0.3543301 0.9086145 0.16087016 -0.09400485 -0.1357146 0.2018146 -0.5867013 -0.6345907 -0.46700796 0.13898394 -0.2816779 0.014906089 0.36543226 0.06880793 -0.333504 -0.22988419 -0.7234332 0.4397142 0.17776069 0.93769604 -0.49431005 -0.68387705 -1.2381966 1.1751717 -0.973855 -0.1805749 -1.5406044 -0.7916609 0.49737778 0.40837067 0.016702754 0.13570307 -0.9202198 -0.4956863 0.40461022 1.1281754 0.14513926 -0.5975132 -0.3050918 0.10357322 -0.43470114 -0.48892707 -0.1037566 0.60906434 -0.9034058 0.25860643 -0.08623722 -0.05376046 -0.021293312 0.28597492 1.0574355 1.5847827 2.2083554 1.7077048 2.3161886 -0.63996434 -1.0198735 -1.0536984 -0.06458579 -0.15400676 -0.5843597 -1.5156958 -0.19115682 0.59314996 -0.56172675 0.2101275 -0.34380585 -0.36186492 0.30526388 0.18277493 -0.29401445 -0.5175681 1.0915463 1.0345614 -0.17906184 -0.23603317 -0.33128655 0.12362182 -0.42024645 -0.50877374 0.80735344 -0.59626 0.09740253 -0.30621338 -0.18525514 0.62516254 -0.18184572 0.5626922 -0.87162656 -0.68026257 0.41248634 -0.51968545 -0.2860899 0.15345813 0.115763515 -0.3903643 -0.37429333 -0.46847135 -0.5173467 -0.44291633 -0.5831691 -0.0039438074 -0.59864503 -0.9674102 0.350282 -0.5467225 1.4880102 -0.37876672 -0.91254747 0.77566856 -0.40406224 0.33975896 0.8052511 0.5678894 0.32903853 0.19349524 0.46062732 0.10757696 0.03599178 0.23066758 0.6062887 0.36298984 0.33460164 -0.38310182 -0.065507695 -0.6021604 -0.51540893 -0.21556264 0.0026130362 -0.4264167 0.45737815 -0.3327735 -0.12065405 0.6332122 -0.8475996 -0.58344597 1.4120922 1.3370019 1.4674382 -0.3747496 1.2003933 -0.61312824 0.27302325 0.3249123 -0.06527752 -0.119662 0.35533446 0.08882345 -0.22262448 -0.35892695 -0.016108926 -0.29932857 -0.101820156 0.17013195 0.33973247 0.203599 -0.4741912 -0.40598297 0.12507267 -0.25774533 -0.41591823 0.48242766 -0.039670132 -0.36012423 -0.7131333 0.2849475 0.7980153 -0.024319109 -0.3241815 -0.5268138 -0.5061641 -0.61821085 -0.091082394 0.3034441 -0.5498381 -0.3066395 -0.44338953 -0.5532537 0.09666139 -0.03331547 -0.3423025 0.37439865 -0.43933678 -0.3790928 0.23519903 0.175185 -0.39022273 0.21855336 -0.5769709 0.3072847 -0.2863044 0.034057587 0.092233375 0.115122944 -0.027004523 -0.47135997 -0.071721576 -0.28982598 0.02155107 -0.30840647 0.3270474 -0.114953145 0.01003315 -0.15005895 0.20130625 0.18733189 0.27863026 0.117391825 -0.15847903 -0.20270735 0.3825791 0.13213849 -0.01197897 -0.25933266 0.2252079 0.29046512 0.07396652 -0.34718287 -0.5316207 -0.09419057 -0.22224388 -0.23773193 0.3084572 0.37332803 -0.17258132 -0.04790607 -0.32126486 0.2818396 -0.5738552 -0.28487015 -0.43249398 0.16684291 0.15425935 -0.1078794 0.05305562 
1 0.1224517 0.120998636 -0.345967 -0.3039834 -0.45930713 -0.3568235 -0.3830995 0.4290412 -0.41432935 -0.4935481 -0.34487242 0.020440629 0.13910425 -0.08984739 -0.18870258 0.22695029 0.07971149 0.045754004 -0.09183901 0.37328106 -0.25373214 -0.37022525 -0.15705681 -0.09529079 -0.40601546 0.39093274 -0.02534358 0.07860737 -0.41073078 -0.06383898 0.28254062 0.31149036 0.08697728 0.4132223 -0.29346412 0.0775302 0.30798423 0.31558377 0.27833146 -0.02586077 0.3977844 0.22967663 -0.01565329 0.4041881 -0.4260478 -0.50012016 0.33484352 0.41600013 0.08872663 -0.3932973 -0.36849076 0.03465083 0.08202546 0.10954995 -0.16300106 0.41521567 0.057212863 -0.30070072 0.2812838 -0.21315789 -0.26127994 -0.4486279 -0.3512507 -0.31242537 0.20968682 -0.37290686 0.014753628 -0.45231724 -0.093927145 0.019207647 -0.17127118 -0.2341374 -0.015887043 0.13056332 -0.0390278 0.23345256 0.12734514 0.13882822 0.3160084 0.17044064 -0.20945984 0.070334844 0.42492908 0.23072892 -0.14824387 0.0365378 0.1319685 0.28972465 0.3968413 0.11373966 0.1300981 -0.033956546 0.2751689 0.3465097 0.6273201 0.23436219 0.3883537 0.75058085 0.055611428 0.5836407 0.19354711 0.27168417 -0.45715106 0.009487235 -0.27243567 0.30584323 -0.45073605 -0.327205 0.18922782 -0.20757484 0.09778487 -0.039899077 -0.32830566 -0.41233224 -0.44542474 0.15608473 0.42370665 -0.018917277 0.34198588 0.11561507 0.064435974 0.2997648 -0.21194056 -0.7712566 1.483786 -0.14290841 1.0090015 1.4064007 0.8066967 0.64684546 0.9213336 0.79639643 -0.3258442 0.7076762 -0.04622988 0.1463123 0.40013498 -0.080088325 -0.3971432 0.3449356 0.13711715 0.39714617 0.39386892 -0.30650592 0.616279 0.57321835 -0.58363634 0.7174759 1.1476576 1.6048206 -0.652056 -0.82170004 -0.031283792 1.0482899 -1.0815517 1.1493195 -0.7285435 1.5139447 2.3323207 -0.8517479 -0.77839357 -1.0707469 0.42680317 0.6857231 0.54145217 0.33722067 -0.2771805 0.04953069 0.008725713 0.09818015 -0.29786992 0.2842555 0.06953733 -0.13602276 0.02728158 0.06784458 0.043766443 -0.29043615 0.5910552 1.3713106 0.79160917 0.45535636 -0.68936217 0.0025096016 0.11807856 0.34255004 -0.46700123 0.30352077 0.29875833 0.114857934 0.644965 0.13889536 0.29101932 -0.111947834 -0.44149554 -0.16837254 -0.34927744 -0.45981967 -0.21583515 0.39228678 0.1700209 0.29754052 -0.5519451 -1.2169914 -0.9226802 1.1672223 1.1372023 1.751893 -0.3693131 0.6466645 -0.66752166 0.673831 0.8301901 -0.85270715 -0.5800568 -0.43461522 -0.4099191 -0.32373232 0.8628529 -0.010495881 0.40921283 1.0305961 0.08503716 -0.20441666 -0.04531135 0.2062257 -0.052033536 -0.5516717 -1.0399169 -0.11939534 0.64702356 0.7696688 1.058583 0.7591787 0.39214027 -0.7437701 -0.0984076 -0.19664001 -0.39553848 0.06345874 -0.8945362 -0.5242625 0.0109816035 -0.28489175 -0.724492 0.4940331 0.24744114 -1.1115277 0.58249694 -0.5288276 0.327596 -0.24004915 0.039177593 0.36535025 -0.7963124 0.7478322 0.89239526 0.8778186 -0.31343228 0.28645495 -0.009039445 -0.22806762 0.58142376 0.8961064 0.8688902 -0.55955344 -1.6907732 1.5708022 1.2454067 0.070179865 0.06391815 -0.4017304 -0.31193092 -0.5238293 -0.38780853 0.19654085 0.024241569 1.5004345 0.31838346 0.34684753 -0.2637384 0.27893114 0.8736395 -1.4045315 0.58772314 -0.9926395 -0.22303717 0.21743149 -0.41819876 -0.058289707 0.3324617 0.15236838 -0.6941319 -0.2710566 -0.8702918 -0.5516625 -1.2163819 -0.8524559 -1.2786127 -0.08429516 0.23934503 -0.056123994 -0.47318822 0.08503082 -0.80930346 0.5244606 -0.17260659 0.24630055 -0.028338956 -0.35560966 0.50177115 0.026250614 0.48239207 -0.3274598 -0.54550976 -0.16970927 0.669545 -0.10844385 0.17556874 0.3170938 0.5812794 -0.12451874 0.0010277869 1.0075521 -1.0956812 -0.7882179 1.0975386 -0.78682214 -0.5122388 0.24214211 -0.23174557 -0.79028 1.1195996 0.36455566 0.32504594 -0.33192986 -0.3728587 0.15494294 -0.95415044 -1.0819786 -0.10544088 -0.8121072 0.02175634 0.38891396 -0.47875822 1.0788794 -0.6734155 0.13169543 1.3324648 -1.5795424 -0.9959569 -0.06639151 -0.15134403 1.2862467 0.1982189 0.6383342 -0.46803516 -0.06662142 0.7001285 -0.5582013 -0.49465543 0.22217464 0.34887946 0.19640613 -0.38451266 0.19119984 0.70586705 0.63042146 -0.78175396 0.042387504 -0.11910232 -0.052118037 0.15972656 -0.21599053 -0.99664056 1.0678381 -1.4813561 2.9490752 1.2410207 -0.7559729 -0.41041157 0.410702 0.49419045 -1.075363 0.07805593 -0.5548437 0.044312116 -0.5925948 1.2086084 0.073699296 -0.3638779 0.34466577 0.29077262 -0.44504207 -0.9661467 -1.1328328 -0.76162416 0.44786102 0.22472924 0.57750624 -0.71341854 -1.6558481 -1.1789672 -1.173177 -3.139706 -3.3103664 -1.4101208 0.15402213 -0.045696445 0.12832096 -0.24338561 -0.7896678 1.1457282 0.9903629 -0.39645246 -0.22629693 0.31837434 0.3052864 -0.06391844 -0.087811954 -0.091028355 0.068829425 -0.24604797 0.44808927 0.29837397 0.14057344 -0.50492173 -0.9682977 -0.43581584 -0.41303402 -0.673753 -1.9008543 -2.7346413 -1.8045702 -1.5005497 0.58078486 -0.861235 -0.6014837 -0.46362033 -0.5503295 -0.030731019 -0.9987816 -0.5569724 0.28524533 0.12774085 0.24356362 -0.057453204 -0.34319675 -0.31747895 0.26791555 -0.22779098 -0.05013625 -0.06890965 1.0556979 -0.05222565 -0.108914234 -0.2586804 1.114137 -0.25663692 1.9965422 0.341365 -2.0830448 -0.05798192 0.08797896 -0.10643308 -0.83147794 -0.29665524 0.40632555 -0.05181546 -0.46127617 -0.2350924 0.025491305 -0.65551114 1.1152339 0.42891127 0.5325299 0.45340496 0.16833824 0.1315642 -0.20823586 0.41686964 -0.25374204 -0.27629083 -0.44016802 -1.1121235 -1.3960036 0.8417749 0.4651598 -0.35669073 0.44275227 -0.8917657 0.7391525 -0.6459144 0.13244563 0.3520364 -0.7654705 -0.06660665 0.5179231 0.35704336 -0.6235451 -0.07803061 0.3083911 -0.33302695 0.44835812 -0.024999281 -0.29281873 0.44440514 -0.038282227 -0.42326614 -0.5863041 1.5706294 -0.24602951 -0.75302535 -0.9819745 1.0885097 -0.650386 -0.26321155 0.058850918 -0.27178434 0.6166957 -0.9147766 0.44369575 0.42626038 -1.0202146 -0.70647323 0.69597834 -0.7182221 -0.27850685 -0.28862858 -0.1917864 -0.09298968 0.455504 -0.4680472 0.034638967 -0.28876615 0.1532035 -0.24128674 1.647733 -0.9182435 0.74139214 -0.6601373 -0.570769 0.5368477 -0.28622776 -0.05196432 -0.4720577 -0.3997676 -0.29543373 0.4854838 0.21067624 -0.671219 -1.6756839 -1.5680321 2.832462 -1.3027303 1.8284404 -0.17278212 -0.52160746 -0.27725494 0.41854596 0.1859225 -0.21680626 0.07017556 -0.45498776 -0.1570066 -0.4699885 1.7047005 1.8913732 0.4506368 0.47170684 0.44958314 -0.3188777 -0.036260672 -0.23346947 0.2971125 0.44532984 0.8079389 1.8309405 -1.0818485 -1.3369238 -1.0350757 -1.4067544 -1.1448327 1.8611208 0.3064292 0.32259554 0.4056025 0.0719522 0.0839029 -0.08326387 0.022749487 0.98455673 1.3787609 -0.4849957 1.2411627 0.4804898 -0.33836928 -0.25171757 -0.6992831 -0.5230719 -0.09652863 0.44401163 -0.34564912 -1.183973 0.4501348 0.508862 1.8317081 -1.6548295 -0.5414776 -0.47219217 -0.72131807 -0.49928498 0.18611497 0.22663388 0.37832642 -0.33385974 -0.32800657 0.32023847 1.0841589 -0.43433768 -0.14657304 0.27299714 0.022253225 -0.18187785 -0.061790287 0.21612094 0.22852893 -0.6118332 0.34360307 -0.5081422 0.12876606 0.3616555 0.5074579 -0.6291933 -0.797675 2.0123026 1.6231279 -0.22851607 -0.64442325 1.0161964 -0.203587 -0.2968318 -0.070033014 0.33122092 0.27789217 0.31032294 -0.23278947 1.034118 -0.17222802 -0.086789615 -0.7099569 -0.12013251 -0.9302675 0.071319416 -0.2500879 0.22644636 -0.32139838 -0.18435413 0.22806509 -0.36553982 -0.1301 -0.08804385 0.23072377 0.8003201 1.4355379 1.7175363 0.94186014 -0.39891666 -0.32171637 -0.54719764 0.32782072 0.21084824 0.28403574 -0.28608775 -0.22822271 0.57992285 -0.39204234 -1.4203427 -0.2600727 -0.70953524 -0.5449292 0.021843204 0.84107697 -0.116391376 -0.734787 -0.033473782 -0.27426744 -0.13925031 -0.05211791 0.23542905 0.44977418 0.44104272 -0.22657485 0.4639972 0.50859016 0.007218858 0.18307911 0.42120677 0.33476865 0.32474858 -0.002681152 0.46004337 0.4156868 -0.55892354 0.08937489 -0.17712727 0.022541653 0.038349334 -0.09744094 -0.32198206 -0.9722984 -0.16015363 1.1459239 0.39677134 -0.5584005 0.03126609 -0.63915133 -0.14263356 -0.00903481 0.1583717 -0.08045156 0.7735877 0.37933153 -0.16559285 -0.0742637 0.4084249 0.4586861 0.1448375 0.20195699 -0.22299337 0.011328455 -0.45091337 0.26080313 0.06439729 0.15016922 -0.015213114 0.13004367 0.07302114 -0.23719078 -0.068361424 -0.45651096 0.10143504 -0.31584778 0.2259681 -0.3922412 0.097240135 0.19176598 0.9892275 -0.03937391 0.1144724 -0.26036984 0.3766364 -0.19549218 -0.12095473 -0.15321758 0.11045299 0.38041562 -0.3303203 -0.13845435 -0.18180013 -0.004678382 0.37049544 -0.025781954 -0.22975698 0.35310227 0.31348848 -0.53305304 -0.37496388 0.4012643 -0.4203155 0.545579 0.23745547 -0.37707847 -0.81296057 -0.26622468 -1.0817746 0.44118607 -0.2596017 0.49875572 -0.024810703 -0.056142006 0.18450534 0.10212975 -0.034286376 
1 -0.17832054 -0.013303533 -0.48191953 -0.63669115 -0.3918007 -0.14654861 -0.32331866 -0.25886774 -0.2945363 -0.62921935 0.043197528 -0.5159425 -0.11658111 -0.64624923 -0.6583105 0.03590907 -0.39826274 0.13559721 -0.5731537 0.27329218 -0.241444 -0.21411751 -0.5332474 -0.67744666 -0.17116337 0.163042 -0.115388826 -0.31944883 0.083523735 0.00076494244 -0.37263322 -0.091447055 -0.6425074 -0.009231005 -0.16957732 -0.41950494 -0.30193478 0.21369709 -0.14913188 -0.09485532 -0.0035124458 -0.17081012 -0.13269438 -0.11493763 -0.4186739 0.17776904 -0.6743295 0.044175588 0.068023816 -0.07842617 -0.62282056 -0.2529688 0.28214824 -0.14097558 0.28276896 -0.02511934 -0.43573934 0.3111198 -0.044854514 0.117308885 0.05776301 -0.56086725 -0.57060426 -0.4343325 0.27758515 -0.6565622 -0.39419517 -0.27215835 -0.094540134 -0.0928154 -0.0010223911 0.13978276 -0.3699253 -0.1262737 -0.04633472 -0.71928704 0.050486337 -0.48436347 -0.45206717 -0.023228982 -0.23291428 -0.12575042 0.019772725 -0.45775092 -0.0861868 -0.42902112 -0.5225995 0.021770949 -0.30079293 0.23065527 -0.2767924 -0.5382418 0.20628823 -0.46737432 -0.35420805 -0.51609063 0.3917608 0.30687207 0.86055005 0.9163366 -0.22440025 0.07509303 -0.14888078 -0.124727115 -0.52940035 -0.48332158 -0.61546797 -0.6060514 0.31282306 -0.13739075 0.29664516 0.114947975 -0.19926606 -0.5239981 -0.11794433 -0.18720163 0.03922434 0.30123013 0.22844638 -0.67763615 0.5412867 -0.16717769 -1.0764779 -0.13739884 0.006328357 0.04346467 -0.24109584 -0.383575 0.5924032 -0.05338821 -0.2668663 0.71098083 -0.35512906 0.32709578 -0.7872611 0.29372212 -0.17130443 -0.4242931 0.18781666 -0.5628137 -0.12819083 0.17796077 -0.3595072 0.1694116 0.09184244 0.32713696 -0.5290676 0.9282815 -0.18048328 0.66300493 -0.070111 -0.61036503 -0.76954556 0.30270708 0.29613551 -0.5636981 0.972581 0.5600738 -0.90414697 -1.1482725 -0.03884527 -0.19926724 -0.07797753 0.55596495 0.38723788 0.15692253 -0.17252028 0.1871794 0.1004332 -0.345375 -0.064502254 0.29326105 -0.36717635 -0.72893375 -0.95185846 -0.76718134 0.39913806 0.17771976 -0.0029886896 -0.05641423 -0.69713324 0.008418546 1.3971393 -1.0851758 2.705196 0.18816228 0.058088597 0.32965267 -1.0362114 -0.07905798 -0.17175396 -0.1887461 -0.27601126 -0.1348993 -0.34746623 -0.18735583 0.25068837 0.063856386 -0.46374387 0.6111598 0.32834867 -0.09082369 0.28770542 -0.93992007 0.2688732 0.5296588 0.31695136 0.42412293 -0.17485817 -0.08921225 -0.31471705 -0.19692929 0.13176402 -0.5085012 -0.4221756 -0.24244693 -0.53021306 -0.18453723 -0.16184962 0.5263401 -0.6668689 1.0206699 0.10459438 -0.53857994 -0.3262983 -0.27793998 0.40752617 0.11020486 -0.30652073 -0.37258834 -0.044739973 0.21228456 0.15562116 0.21636583 -0.09320833 -0.16611567 -0.13026997 0.2966828 -0.20044295 -0.7767046 1.3720646 0.052092344 -0.10567386 0.3618709 -0.062027402 -0.6948707 -0.3187148 -0.07177194 -0.9668682 -0.449833 0.24199095 -0.33063078 0.12113975 -0.09053756 -0.0047511803 -0.9877363 -0.44707537 -0.020801356 0.013310309 0.46861753 0.5288849 -0.08972528 0.8112182 1.4798487 1.8134677 0.34311312 2.0607483 0.739651 0.07460413 0.094878234 -0.68182915 -0.93389076 -0.18299137 -0.24451388 0.25175014 -0.27658913 1.2260817 0.46213415 0.025864331 -0.3622022 -0.048674904 -0.6462284 -0.5668809 0.74669015 -0.33729982 0.3458474 0.30081135 0.5649522 0.24617791 -0.38040698 -0.3292631 1.3097736 -0.77728605 -0.9508835 -0.3161433 -0.071912624 1.247495 -0.66076446 1.9268551 2.146337 0.21449345 -1.0669606 -1.2381867 0.27715406 0.51984555 0.08287613 0.19280298 0.23129883 -0.23968203 0.29988956 -0.5997301 -0.8072256 -0.11400239 0.56396866 1.4981924 -0.5063508 -1.5809249 -1.0626392 -0.94162416 -0.19300456 -0.562782 -0.6192724 -1.0843164 0.26527938 -0.03780783 -0.27796108 2.7017035 0.16655041 -0.1488585 0.24978799 -0.6759371 0.79543805 -0.8263925 0.10244543 0.16046129 0.014526678 -0.42285204 -0.3884548 0.3202797 0.7209436 -0.46622598 0.38229832 0.8951939 0.8310889 0.45276004 -0.3237266 0.58539844 -0.9374072 -0.77364683 1.8804299 -0.0689937 -0.39588973 -0.5087989 0.9377949 -0.48135492 -0.17412867 0.17310426 -0.7394817 -0.58518803 1.618009 1.1626047 -0.9057249 -0.115466386 0.06782034 -0.6325372 0.110199556 -0.56012696 -0.16818239 0.3260378 0.64250684 -0.8537228 -0.33600056 0.4113037 -1.5469525 0.07249298 1.7305155 2.0709286 -0.95074403 -0.26961252 1.4407346 2.8973525 -1.0363915 0.32914606 -0.8072551 -0.70347416 -0.015436021 1.0170233 0.45584485 -0.65245104 -0.03887154 -0.62579244 0.0072039207 -0.61564094 0.24263968 0.23319452 -0.22444834 1.1109737 0.3973007 0.33713424 2.2864306 -2.9385853 -1.1872154 0.67804676 0.9751851 1.6721456 2.588692 2.7274501 -1.8534938 -1.1199228 -0.73499125 0.321699 0.7121635 -1.1940179 -0.20952964 0.60916066 -0.26206815 0.7044815 0.13683793 -0.47210592 -0.15141214 -0.064581275 -0.15297528 0.065861665 -0.5689358 0.6137108 1.0160228 -1.8617333 -1.8568513 -1.5591134 -1.5428511 0.69000244 -0.15035287 2.9262764 2.3151395 1.1255727 -0.90747905 0.35598055 0.5174796 0.32028317 1.1752167 0.5162513 1.315144 0.90630597 -0.23759945 0.7274302 -0.2147812 -0.6905493 -0.53178996 -0.40270662 0.17019899 -0.03876742 -0.6886623 0.91103756 0.6331162 2.2139096 -0.64514583 -0.013933464 0.15021242 -0.01482897 0.25879326 -1.3928354 0.43375272 0.6055248 -0.46123293 -0.3288623 1.225365 0.5505437 -0.88283455 -0.04443218 -0.3860229 1.200823 -0.5894697 -0.2992356 0.15089579 0.50695914 0.057849362 0.029125689 -0.53842086 -0.4728761 0.040309556 0.37028903 1.2790145 0.5537896 0.30632442 0.31790605 0.6220579 -0.7084566 -0.8650565 -1.0507809 -0.49265045 -0.461311 -0.12863557 0.3500805 0.121808715 -1.0125318 -0.2701208 -0.65661305 0.07563916 -0.7580411 0.13958995 -0.9439405 1.605277 -0.732896 0.31971186 -0.12973888 0.13547997 -0.58019173 -0.8638733 -0.7007352 -0.16066012 -0.022406237 0.3723148 1.1224605 1.203074 -1.0301496 1.0415457 -1.1461345 0.033652876 0.34710786 0.057600524 0.21656278 0.21550702 0.91143835 -0.30031857 -0.81987345 -0.048901163 -0.35921216 0.33699706 -1.4580929 -0.5445493 -0.23549551 0.037257276 -0.3330335 -0.6788712 -0.5795355 0.6960899 -0.35526612 -0.16180544 -0.75869846 -0.13032418 0.88884413 0.477458 -0.95041025 -0.45088553 -0.235478 0.7447344 0.47805992 -0.42135164 -0.06850801 -0.44854295 0.5647111 -1.101895 -0.9390618 0.14012426 -0.2500312 -0.08418725 -1.1462977 -0.3788448 0.049681 -0.5144947 -0.4535166 0.18689303 -0.6475079 0.58538336 -0.63234913 0.23655388 -0.37369192 -1.0558574 -0.29659656 -0.10207115 0.6821397 -0.03831545 -0.994924 0.6349103 0.9965573 0.66428906 -0.04196555 1.4400516 0.07103957 0.399386 -1.0114862 -0.6091385 0.04942897 -0.12630993 1.3718072 0.41123602 -0.036230862 0.058756053 -0.30559796 -0.56948763 0.28014237 0.033806782 1.706706 -0.841217 0.8689072 0.8311307 0.1749731 0.054923553 0.62267846 -0.0059493612 -0.15553947 -0.08233684 -1.2248231 0.54951555 0.21496063 -0.39431822 0.40145686 -0.48484668 -0.5754223 -0.95842946 -0.49082246 -0.13707055 1.2839512 -0.4415974 0.016266126 -0.04537054 -0.30336887 -0.5568364 -0.5975762 -0.7407645 -0.6703129 -0.29959708 0.15349993 0.20406848 -0.6723304 0.30993137 0.017955342 -0.3720398 -0.82299954 2.0777724 -0.5779078 0.07196275 0.4204571 -1.1967171 -0.57498866 0.35048938 -0.07100336 -1.5397707 -0.236066 0.7150918 -0.96398747 0.6329853 0.23168232 -0.3653713 -0.39764535 -0.39515597 -0.1987225 -0.08765105 -0.9322424 -1.5179247 -0.5092522 -0.28468946 -0.526297 0.18122934 -0.5593471 -0.7111684 2.7816129 2.5094974 -1.8475314 1.7029905 0.1848423 -0.95057464 -0.93469465 0.6551518 -0.2699799 0.029810105 0.8233594 -0.27334297 0.029144002 0.3505964 0.117253006 -0.66602916 -0.19825439 0.29766715 -0.6700272 0.20979919 0.92214155 1.6011059 -0.15217528 -0.046397574 -0.27685747 0.73610574 -0.016994787 -0.25180736 -0.8801424 0.14846314 -0.034791775 -0.46221423 1.0063558 -0.179964 0.33192664 -1.9848262 0.4561373 -0.5621703 -0.41488934 0.052116334 0.083903715 0.2422057 -0.3164376 0.026500521 -0.37988037 0.25349295 -0.05328369 -0.4614756 0.03276837 1.2570869 -0.95479196 1.6259896 -1.2560468 0.14039905 1.1677825 -1.0460864 -1.2124006 -1.1416743 0.79024744 -0.4569186 -0.01214797 0.33342525 0.36391255 0.5518414 -0.036635116 -0.5882297 -0.30281833 -0.20855331 0.0026441414 -0.6405352 -0.59752256 -0.3015411 -0.48602295 0.09008394 -0.20942964 -0.5097423 -0.081443414 -0.5520221 0.10856378 0.7178697 -0.42374825 0.90101594 1.4578776 0.7991739 -0.23809512 0.9563301 0.5798534 -0.37044188 0.29259634 0.24397947 0.027562363 -0.6921439 -0.52265465 -0.43864694 0.29819724 -0.19962843 -0.25203267 -0.6170183 -0.2761863 -0.16879793 -0.04420259 -0.07508695 -0.42513394 -0.20553018 0.023399817 -0.38825363 -0.34642607 -0.43072063 -0.52006865 -0.346152 -0.05868784 -0.41807804 -0.05496332 -0.27777332 -0.2935354 -0.28311214 -0.51927745 -0.040333703 -0.58941656 -0.3965906 0.15532888 -0.57526356 -0.11847995 0.17936747 0.011117717 -0.09248468 -0.46744287 -0.16163523 
1 0.14357616 0.14060001 0.17454977 0.24788727 -0.43732893 0.19940974 0.08723932 0.021807652 0.28039265 0.088910766 0.28012967 0.2950772 0.20484008 -0.47735953 -0.45080793 -0.32516778 -0.3145911 -0.31473696 -0.5581435 -0.34787536 -0.27484995 -0.45906532 -0.34052753 0.15877225 0.11730275 -0.55220926 -0.49443993 0.26348782 -0.39452618 0.13024229 -0.16424747 -0.29381615 -0.63655484 -0.5021827 0.26659125 -0.0364946 0.22560044 -0.61472297 -0.56495976 0.05245525 -0.450093 -0.12791984 -0.4859478 -0.023004897 -0.040719137 -0.39673012 -0.42315128 -0.48607558 -0.24232511 -0.6198027 -0.40633285 -0.17441373 0.1792749 0.32415247 -0.54584575 -0.43066335 0.06063722 0.28928816 -0.19554816 -0.50299186 -0.12572694 -0.030510802 -0.06597174 -0.5463432 0.27775228 -0.06691607 -0.05558067 -0.5733041 -0.22595055 -0.1326831 -0.06810094 -0.1832913 0.7920256 0.5341051 -0.5529456 -0.057001166 0.19725032 -0.18145299 -0.69144547 -0.14334081 -0.6283165 -0.21274285 0.19578089 0.24821924 0.064978205 -0.39469343 -0.5491897 0.23716362 0.025200274 0.0770253 -0.08044986 0.32663572 -0.5602907 -0.5365764 0.32526895 -0.14025976 -0.26783442 0.31811514 0.094608225 0.4328656 -0.78708917 0.06722645 -0.40501824 -0.23176156 -0.102873504 0.19445188 0.2137072 -0.4397236 -0.22786762 0.2655552 -0.05551892 0.27350712 -0.00968275 -0.37982017 -0.26587117 0.1859297 0.24423821 -0.18083431 0.26501638 0.2101638 -0.0013170149 -0.11038182 -0.46169636 -0.16293992 0.97956836 -0.5484935 2.2072182 2.5079792 1.7308435 2.1677785 1.0720799 1.4140972 -0.5162254 0.166313 0.56733626 0.19361182 0.069509305 -0.55094445 0.08268217 -0.2418359 0.18417113 0.31071866 0.3417533 -0.39220655 -0.27438372 0.013805393 -0.9075395 0.41641855 0.8658569 0.86402303 -0.74195343 -0.36939466 -0.7131373 1.6437376 -1.5830334 2.08701 -1.776779 0.7870222 1.8253914 -0.6296691 -0.8234874 -1.3495826 1.4882184 1.3938469 0.52204394 -0.13684325 -0.16524304 -0.25542152 0.025959443 -0.087830596 -0.39553857 -0.36906987 -0.41935712 -1.2564452 -1.222282 -1.7255633 1.7780627 -1.4257998 -1.0893399 0.42624334 1.4921803 2.4060817 1.2388551 -0.8677774 0.7550393 1.46187 -0.8636881 0.11283154 -0.662764 0.008498677 1.0023365 -1.3807341 -0.97790825 -0.068122886 -0.21237297 0.010024177 -0.61942637 0.1612442 -0.4771531 0.8325447 1.2239233 -1.7026861 2.2735906 1.3805037 -0.00205723 -1.0085138 0.43068576 -0.67299426 -0.31812942 -1.2549102 1.9216462 -3.972664 -2.2260094 -0.4161267 0.38910115 -0.685819 -1.2784282 0.14710468 -0.5085543 -0.7568185 1.6204258 1.1293116 -0.8028583 -0.38622767 -0.18269984 -0.15390022 0.07606694 0.37928483 1.6167916 -0.96221536 -0.695123 -0.8812148 -0.38345835 -0.672999 -1.429407 0.20011829 -0.75499225 -1.0752783 -2.0530953 0.8607632 0.5813983 -0.4839126 -0.4611637 -0.48250455 0.24970908 0.29783183 0.4294289 0.982508 1.8590462 -0.6392187 0.59501946 -0.15829931 0.059225906 0.017386053 0.115935825 -0.85915786 -0.6252485 -0.5866429 0.4286316 -0.57567686 -0.32412815 -0.21170188 0.02884615 0.6505981 0.5052524 0.48059478 -0.34731647 -0.8119113 0.24878559 0.5410684 0.38398126 0.08852599 0.08728883 0.6615523 0.031302184 0.3522084 -0.80630696 1.5571843 0.05149693 -0.2968741 0.042537358 0.31457812 -0.5166008 0.40425712 -0.7177291 -0.55701774 -0.2595565 0.31429768 0.65745294 -0.25819334 0.09797777 0.5860888 0.65745515 0.40749925 0.024476666 -0.4626577 0.9324091 0.021506604 0.773578 0.6410121 0.041909423 -0.27379742 0.046049315 -0.35459104 -0.9435543 1.1846519 0.53892815 -0.23573165 0.1905529 0.007975563 -0.84582335 -0.94597906 -1.0690689 0.20895782 0.7125915 -0.8328345 -0.37238717 -0.19979975 -0.52928275 -0.49281642 -0.34687084 0.78471464 -0.39369416 -0.675172 0.07663375 -0.32592654 0.5194348 -0.6832842 -0.5423915 1.075286 -0.41874027 0.1748117 1.7944496 0.86662316 -0.43425366 -0.30418485 -0.39423072 -0.6627444 0.29860368 0.5551476 -0.2643303 0.7952382 1.1911846 0.42252523 0.25581476 -0.4312443 1.5766771 -0.3799677 -0.09990536 1.6438749 1.5281372 -0.6619743 -0.21907942 0.6098203 -1.2397629 -0.79638404 1.1532763 -1.3648643 -0.8310888 -0.1283895 -0.6551859 0.7597352 0.15645643 -0.30872434 0.2632351 -0.057224788 0.07109907 -0.80689955 -0.30296275 0.5673049 -0.37667823 -0.4746293 -0.3024736 0.38445127 0.17046982 0.040093876 -0.14103384 -1.2904359 -1.3835529 0.67298186 0.3154139 -0.56522506 0.5178734 1.4948962 0.023188574 -0.057181325 0.037838988 -0.20955694 1.3267483 -0.18317634 -0.66995335 0.2788226 -0.596238 -0.2298875 0.11587 0.8277469 -0.39167112 -1.1244477 0.35884503 -0.13373043 -0.9120885 1.0759144 0.6741548 0.27359742 0.519901 2.1450539 2.9057512 -0.05184621 -0.8434098 -1.1872452 0.14917736 0.19643569 -0.35855627 -0.061355516 0.43716422 1.4236405 2.1367717 0.13874115 0.13133518 -0.575258 -0.17729013 -0.47694778 0.28856117 -0.7892399 -0.86564165 0.6876369 -0.23665081 -0.96247035 0.6090066 0.8147904 1.2628136 0.9166651 1.1798701 1.1711599 -0.1364372 -0.061501928 -0.42251772 -0.6456221 0.042654436 0.22318178 -0.98589665 0.22116178 1.149717 -1.5208473 1.4249513 -0.3238405 -0.15656759 0.0051840576 0.3475091 -0.5966579 0.32425463 0.13727054 -0.288401 0.26867306 0.9862903 -0.5006014 0.024327321 -0.004539401 -0.07759827 -0.21565862 -0.8024035 0.21981502 0.16203003 -0.40714988 -1.3871909 -0.36553487 0.5982146 0.017130109 -0.5215598 0.9603906 0.9026078 -1.3255383 -0.69771737 0.9319023 0.014188204 -0.09681819 0.024349626 -0.5406717 -0.06557665 0.47508782 -0.015432626 0.4802753 -0.5772575 0.5998753 0.24995379 0.20708412 -1.4302101 -0.04533305 0.09622221 -0.033751644 0.3012975 0.020505914 -0.7171538 -0.11472186 0.94857293 0.4598176 -0.6978772 1.1276517 1.7667936 -1.1469687 -1.2085787 0.7817502 -0.4168238 0.3728286 -0.5158224 -0.41938156 -0.11294835 -0.51119405 -0.6245752 0.34635466 0.39330348 -0.4686541 -0.12539479 -0.65522057 -1.034 0.6492509 0.04618203 0.08874563 -0.40055266 -0.497752 -0.529681 0.054851413 0.012892626 0.07702039 0.373598 0.49389648 -1.2618495 2.4245563 -0.55482346 -0.18700254 -0.37348336 -0.28303546 0.2359045 -0.15000683 -0.097999506 0.51537746 -0.46427748 1.4736692 -0.5751828 0.40059498 -0.28495973 0.4026278 -0.4189608 -0.10647019 0.4408061 0.70657396 0.4174428 0.07917112 0.35471556 0.3357165 -0.34625202 -1.3812778 -0.016225135 0.2725152 -0.31829536 1.6704149 -0.11871742 -0.49515274 0.38883108 -0.4441843 -0.15463288 0.08080872 0.0025155493 0.10224085 -0.71105415 -0.5418178 1.2515483 1.9178257 2.069903 1.6704757 3.636975 1.2892461 -1.6349301 0.15752667 0.23569828 0.7296539 -0.06061783 -0.27286798 -0.17518859 -1.1320232 -0.3636282 0.63947135 -0.8052288 0.23562968 0.029197559 -0.043742843 -0.6286042 0.24346806 -0.3323747 -0.2674548 -0.46042475 0.34944493 0.17274319 -0.72744554 0.75590754 1.6217337 0.69365376 -0.56146413 -0.9859497 -1.6387416 -1.6040572 -1.172528 -0.69528425 -0.5025257 0.47182995 1.048722 0.89577335 -0.4271323 -1.4949962 -0.72711974 -0.32849118 0.20716582 -0.08855524 -0.0460785 -0.0877222 -0.09574299 0.32223904 -0.1900592 -0.31480235 -0.5600408 -0.7905446 0.18340258 1.5564281 -0.51453257 -0.43862936 0.43001488 0.13951387 -0.5415408 0.4474387 -0.9960089 0.66086125 0.7340402 -0.6647878 -0.668111 -0.77364725 0.1622051 0.77247036 -0.46488768 0.029384486 -0.2607306 -0.35740626 -0.33090252 -0.67185545 0.048346605 -0.36594504 0.18438183 0.043264825 -0.034145616 -0.61086595 -0.6564649 0.62975055 -0.112990595 -0.28440538 -0.5655404 0.24278127 1.0448647 -0.9927017 -1.8046919 0.64075893 -0.89386785 0.73321414 0.8710853 0.10523939 0.8202026 -0.73772496 -0.17482558 -0.46344495 -0.44869402 -0.2867035 -0.66115344 -0.31581748 -0.2055424 -0.36976516 0.15871422 0.26868367 0.3043154 0.20350328 -0.40513504 -0.14210954 -0.29354393 -0.9064325 -0.6321378 0.58686566 -0.88044405 -0.5914839 0.6972393 0.58213025 1.1929926 -1.2291969 0.6230172 -0.6793369 -0.17243624 0.8212141 -2.0253475 -0.66933054 -0.4081426 -0.426198 -0.051379334 -0.17693214 0.3187902 -0.23206557 0.2478996 0.2688508 -0.012922976 -0.21950184 0.5285383 -0.5143638 0.028783485 -0.2642997 0.37564272 0.2651038 0.10829822 -0.26482895 -0.30911607 0.3127489 -0.5668007 0.35016277 -1.5549636 2.3975556 1.9682678 1.0998822 -2.2545118 -1.3309293 0.17854115 -0.08515748 0.09923712 0.05973412 -0.012357714 -0.09590293 -0.36762804 -0.31817305 -0.6628214 -0.44949138 -0.09114808 -1.0848296 0.103786826 -0.1378164 -1.033873 -0.23200975 -0.6764944 0.4273706 -0.80844134 -1.1131128 0.86613876 -0.82772577 0.5257673 1.3122351 1.1128021 0.9020601 0.4715155 -0.0031867437 -0.36073798 -0.36294377 0.04197215 0.22006418 -0.563339 0.1229262 -0.24091034 -0.35443354 -0.16233037 0.31351423 0.32332146 -0.08142086 -0.33660787 -0.7478736 0.38470432 -0.7819746 0.4237928 0.292874 -1.58188 1.0635523 0.4410847 -1.0292861 -0.8042991 0.39707762 -0.8655092 -0.018384725 0.23764654 -0.45703846 -0.54553735 -0.34739226 0.13498051 -0.17844577 0.23815672 
