1 0.44514263 
1 -0.29179835 
1 0.23555171 
1 0.1733067 
1 -0.371516 
1 -0.24855208 
1 -0.12938106 
1 0.07527983 
1 -0.4206599 
1 0.08569479 
1 -0.147668 
1 -0.38788474 
1 0.036550283 
1 -0.22426629 
1 0.28746223 
1 -0.12884557 
1 -0.40068865 
1 0.36481404 
1 -0.08084619 
1 0.29423535 
1 0.23443031 
1 0.26560867 
1 -0.033484578 
1 0.3545158 
1 0.059837222 
1 -0.28630126 
1 -0.44286263 
1 0.13920629 
1 0.34447694 
1 0.47586942 
1 0.32473254 
1 -0.2952689 
1 0.14608574 
1 -0.27255154 
1 0.42870367 
1 -0.28731453 
1 -0.3795874 
1 -0.30878532 
1 -0.023663044 
1 -0.15734506 
1 -0.2299391 
1 0.030110836 
1 -0.4994259 
1 0.10098195 
1 0.35064328 
1 0.03523135 
1 -0.2656232 
1 0.3140154 
1 0.40211833 
1 -0.17439651 
1 -0.22396111 
1 -0.32154357 
1 -0.44068015 
1 0.18113112 
1 -0.1441077 
1 0.059331775 
1 -0.24155498 
1 -0.3254485 
1 0.14983845 
1 0.2967192 
1 0.2761407 
1 -0.0539335 
1 0.42356813 
1 -0.19009435 
1 -0.27903056 
1 0.4264493 
1 -0.25203598 
1 0.41941 
1 0.497576 
1 -0.046129704 
1 -0.3524356 
1 0.2485323 
1 0.1905297 
1 0.30214417 
1 0.32177687 
1 0.047529817 
1 -0.13219762 
1 -0.048793793 
1 -0.11974883 
1 0.16295111 
1 0.33921373 
1 -0.41334188 
1 0.14299679 
1 0.02261722 
1 -0.120488286 
1 0.1092751 
1 -0.15572989 
1 0.26396716 
1 0.07255185 
1 -0.26440585 
1 -0.28319526 
1 0.049777508 
1 -0.07556188 
1 0.30233228 
1 0.18580961 
1 0.18932462 
1 0.2858472 
1 0.06067264 
1 0.32739675 
1 0.09846532 
1 0.115862966 
1 -0.2378087 
1 -0.28602433 
1 0.3788854 
1 -0.04023397 
1 0.25377023 
1 0.14275217 
1 0.49261153 
1 0.23294401 
1 0.35746598 
1 -0.46305943 
1 0.48531926 
1 0.38834214 
1 -0.040331602 
1 0.109425426 
1 0.10800469 
1 0.24259055 
1 0.2236886 
1 -0.49352717 
1 -0.45807135 
1 0.25498855 
1 0.1979276 
1 -0.43759263 
1 0.40603888 
1 -0.14405596 
1 0.4954244 
1 0.28141427 
1 -0.24404335 
1 -0.27263105 
1 0.28490424 
1 -0.25977302 
1 0.07073796 
1 -0.40986526 
1 -0.20780182 
1 0.22111166 
1 -0.18631792 
1 -0.13144898 
1 0.09107661 
1 0.46717858 
1 -0.10406184 
1 -0.44947028 
1 -0.08425772 
1 -0.055546284 
1 0.34247398 
1 -0.077619076 
1 -0.44245505 
1 -0.25518537 
1 0.3896519 
1 -0.2951932 
1 -0.024134636 
1 0.0120821 
1 -0.07931709 
1 -0.4351071 
1 0.48207688 
1 -0.49369216 
1 0.281085 
1 -0.37496018 
1 -0.015610695 
1 0.16330504 
1 0.15135515 
1 0.013114572 
1 0.15375483 
1 -0.14616144 
1 -0.3857373 
1 0.25106502 
1 0.1722269 
1 0.3006394 
1 0.020365715 
1 -0.03008008 
1 -0.10591936 
1 0.20393658 
1 0.35409224 
1 0.3056054 
1 0.36559045 
1 -0.46190238 
1 0.03482449 
1 0.0304178 
1 -0.35998785 
1 -0.01725328 
1 -0.2799157 
1 0.20819438 
1 -0.43688154 
1 -0.4680909 
1 0.19057584 
1 -0.20629072 
1 -0.084422946 
1 0.098415375 
1 0.05064094 
1 -0.4720111 
1 -0.20863366 
1 0.28633916 
1 0.08408022 
1 0.3181373 
1 -0.39063203 
1 0.2309196 
1 0.11817026 
1 0.033760667 
1 -0.34580255 
1 -0.38703966 
1 -0.072613955 
1 -0.21999025 
1 0.122816324 
1 -0.10896146 
1 0.16663611 
1 0.36337447 
1 -0.4087298 
1 0.33058476 
1 -0.21396565 
1 -0.38387716 
1 0.47986054 
1 -0.45363665 
1 -0.23717022 
1 -0.40957856 
1 0.2228961 
1 -0.016279697 
1 -0.06427181 
1 0.21594131 
1 0.28870225 
1 -0.33764696 
1 0.47266197 
1 0.48876715 
1 0.22201157 
1 0.20128357 
1 -0.39266753 
1 -0.16388309 
1 -0.104910254 
1 0.3806342 
1 0.4780147 
1 0.32188606 
1 -0.39337993 
1 0.2864467 
1 -0.2492603 
1 0.45778537 
1 0.10219979 
1 0.45309114 
1 -0.40072155 
1 -0.39809024 
1 -0.3393246 
1 0.033456683 
1 0.40606463 
1 0.10951495 
1 -0.08928561 
1 0.17591763 
1 -0.46197402 
1 -0.12143421 
1 0.32277584 
1 -0.13250482 
1 0.007809758 
1 -0.11419487 
1 -0.21234989 
1 0.13680279 
1 0.42130184 
1 -0.03540647 
1 -0.4333223 
1 0.36982083 
1 -0.21985757 
1 0.24941623 
1 -0.32579267 
1 -0.05346322 
1 -0.0113886595 
1 0.3563156 
1 0.09926832 
1 0.05038488 
1 -0.2541232 
1 0.3405341 
1 -0.25811017 
1 0.11674082 
1 0.42853427 
1 0.05376923 
1 -0.07148051 
1 -0.24108648 
1 0.27217162 
1 0.1277895 
1 -0.18698704 
1 -0.42528343 
1 -0.3214239 
1 -0.13559687 
1 0.20531678 
1 -0.43700433 
1 -0.0007469654 
1 0.31099153 
1 0.042422295 
1 -0.44599748 
1 -0.096223116 
1 0.35471332 
1 0.37390375 
1 0.20832372 
1 -0.32193267 
1 0.22437572 
1 0.09914124 
1 0.15453887 
1 -0.41636753 
1 -0.4251343 
1 0.31930196 
1 0.29146218 
1 -0.21451879 
1 0.4498943 
1 0.15194511 
1 0.38086057 
1 -0.30720484 
1 -0.34251368 
1 0.0077807903 
1 0.18642604 
1 -0.38450587 
1 0.032813787 
1 -0.48492277 
1 0.08814895 
1 -0.37574244 
1 -0.18990517 
1 -0.46176326 
1 0.47294128 
1 -0.3026495 
1 -0.31268716 
1 -0.2832842 
1 -0.3950733 
1 0.48463142 
1 0.41901767 
1 -0.19978952 
1 -0.493366 
1 0.120984316 
1 -0.23192048 
1 -0.06646502 
1 0.017297387 
1 0.30879498 
1 0.16656864 
1 -0.16241443 
1 0.4462086 
1 -0.026681542 
1 0.1863668 
1 0.17451203 
1 0.2855041 
1 0.10986483 
1 -0.4785273 
1 -0.019022703 
1 -0.17807865 
1 0.30504882 
1 0.04306245 
1 -0.14673972 
1 -0.44154978 
1 0.12716556 
1 0.444059 
1 0.057427526 
1 0.09641349 
1 0.053420424 
1 0.3991716 
1 -0.2569003 
1 -0.104096055 
1 -0.47910976 
1 -0.15675426 
1 0.14698243 
1 0.20734763 
1 0.10532749 
1 -0.118092656 
1 -0.18880379 
1 -0.3161142 
1 0.39937925 
1 0.33271885 
1 -0.42133987 
1 -0.055792212 
1 0.053697467 
1 -0.00997901 
1 0.10983479 
1 -0.06491423 
1 0.3476516 
1 0.06663346 
1 -0.49512362 
1 -0.048898816 
1 0.12518764 
1 0.47637427 
1 0.07141936 
1 0.072820425 
1 0.29644668 
1 -0.16141534 
1 0.25895154 
1 0.2826563 
1 0.28227985 
1 0.21194136 
1 -0.15315151 
1 0.44039583 
1 0.49285483 
1 0.47137952 
1 0.056850553 
1 0.37626672 
1 0.13594532 
1 0.24132073 
1 0.27883887 
1 0.12839055 
1 0.009989262 
1 -0.15644419 
1 0.36799514 
1 -0.14907467 
1 -0.39594364 
1 -0.3074124 
1 0.038173556 
1 0.24566257 
1 0.39549816 
1 -0.16191196 
1 0.40500176 
1 -0.27196443 
1 -0.18729568 
1 -0.2369765 
1 -0.12182772 
1 0.49117827 
1 0.32496154 
1 -0.46770108 
1 -0.030474424 
1 -0.07079494 
1 -0.15204322 
1 0.42695487 
1 -0.32453656 
1 0.3171984 
1 -0.103342295 
1 0.33859956 
1 0.2917813 
1 -0.17074549 
1 0.016190171 
1 0.35191894 
1 -0.33170986 
1 0.35500908 
1 -0.22671342 
1 -0.2185353 
1 0.28419352 
1 0.1871301 
1 -0.4854424 
1 0.0053983927 
1 0.07082963 
1 -0.22878945 
1 0.13041282 
1 -0.10824466 
1 -0.23515713 
1 0.12635136 
1 0.04862082 
1 0.12914884 
1 -0.2387054 
1 0.1468749 
1 -0.447021 
1 0.40603805 
1 -0.46060884 
1 -0.49218416 
1 0.14230442 
1 0.40162003 
1 -0.38302672 
1 -0.46524537 
1 0.27732193 
1 -0.49445856 
1 0.10056758 
1 0.46031713 
1 -0.12181926 
1 -0.2865045 
1 -0.041648984 
1 -0.3796283 
1 0.47080636 
1 0.13429368 
1 -0.063706994 
1 -0.113615155 
1 0.47158062 
1 0.4677074 
1 0.37020814 
1 0.13996196 
1 0.070492506 
1 0.18417001 
1 -0.051405787 
1 0.18749058 
1 -0.14959037 
1 -0.4126104 
1 -0.43429065 
1 0.028247118 
1 0.18885863 
1 0.3131919 
1 -0.47544205 
1 -0.36228788 
1 -0.26751435 
1 0.20354712 
1 -0.42166078 
1 -0.42928052 
1 0.099481344 
1 0.4048884 
1 -0.087055326 
1 0.20072949 
1 0.11579728 
1 -0.20199037 
1 0.4716555 
1 0.00533247 
1 0.33748364 
1 -0.39587915 
1 0.4365524 
1 0.35772288 
1 -0.32674336 
1 -0.41485047 
1 -0.3686005 
1 -0.22665298 
1 -0.36406553 
1 0.3202957 
1 0.23223531 
1 0.21553648 
1 0.30366683 
1 0.18333483 
1 0.042008758 
1 -0.42676067 
1 -0.18567765 
1 0.25268543 
1 -0.27368414 
1 -0.45420718 
1 0.39953923 
1 -0.050239086 
1 -0.050076365 
1 -0.2735678 
1 -0.10106623 
1 -0.11839056 
1 -0.43162572 
1 -0.15747571 
1 0.08546674 
1 0.082196 
1 -0.09180403 
1 -0.08808863 
1 -0.04688847 
1 -0.2931261 
1 0.37073708 
1 -0.29048002 
1 0.45593393 
1 0.038063288 
1 0.017451167 
1 -0.19726098 
1 0.4888028 
1 -0.32143855 
1 -0.3097247 
1 -0.12647104 
1 0.08203912 
1 0.35434854 
1 0.4635142 
1 0.20277083 
1 -0.18453646 
1 0.4013089 
1 -0.07246196 
1 0.1939497 
1 -0.23645902 
1 -0.20727348 
1 0.1340375 
1 -0.19202936 
1 0.17554903 
1 -0.22178471 
1 -0.26165497 
1 -0.49275672 
1 -0.16953611 
1 0.029663801 
1 0.2135731 
1 -0.31104946 
1 0.34262967 
1 0.46278763 
1 -0.47757602 
1 -0.21071541 
1 0.22721493 
1 0.0822674 
1 -0.48849952 
1 0.18082619 
1 -0.2855655 
1 0.40030527 
1 0.20112252 
1 0.38549268 
1 0.18894088 
1 -0.2380817 
1 0.22675037 
1 -0.08668506 
1 -0.33320236 
1 -0.20299959 
1 0.11276269 
1 -0.38480055 
1 0.086960435 
1 -0.11206925 
1 -0.20367694 
1 -0.3041681 
1 0.25285923 
1 0.40089214 
1 0.3185948 
1 0.23381567 
1 -0.08567917 
1 -0.46756136 
1 -0.10628462 
1 -0.09099054 
1 -0.123808384 
1 0.4351127 
1 -0.37218177 
1 -0.3715973 
1 -0.24708056 
1 -0.051845074 
1 -0.25443614 
1 -0.0613966 
1 0.32695913 
1 0.33288622 
1 0.15498531 
1 -0.28981686 
1 -0.2092992 
1 0.2425828 
1 0.06580007 
1 0.038966417 
1 0.06822252 
1 0.45414066 
1 -0.42441082 
1 -0.34656525 
1 0.32988787 
1 0.42790413 
1 0.29465365 
1 0.44936407 
1 0.13015866 
1 0.00079345703 
1 -0.16441262 
1 0.14310956 
1 -0.4196521 
1 -0.27877235 
1 0.47832692 
1 0.34892285 
1 0.24146855 
1 0.083292246 
1 -0.25499332 
1 0.39534056 
1 -0.35295773 
1 0.018799067 
1 0.21008432 
1 -0.4954735 
1 -0.36674452 
1 0.47630346 
1 0.32008982 
1 0.4137354 
1 0.1994195 
1 0.30238116 
1 -0.005756855 
1 -0.19969559 
1 -0.028965592 
1 -0.287714 
1 -0.015477896 
1 -0.24391842 
1 0.06444788 
1 0.20131373 
1 -0.4432484 
1 -0.18375456 
1 -0.12032986 
1 -0.19699478 
1 0.065077186 
1 -0.0715301 
1 -0.20427299 
1 -0.47198617 
1 0.16797948 
1 0.26576078 
1 0.16632283 
1 -0.42704487 
1 -0.046735883 
1 0.35289657 
1 -0.4189788 
1 0.07903433 
1 0.010916948 
1 0.0075815916 
1 0.19660795 
1 -0.4668796 
1 -0.34564292 
1 0.016825914 
1 0.21096301 
1 0.16632509 
1 -0.15163577 
1 0.3308909 
1 -0.12900019 
1 -0.10985303 
1 -0.2040652 
1 -0.16351247 
1 0.32454824 
1 0.17403674 
1 0.17222703 
1 0.04395187 
1 0.4868064 
1 0.03997636 
1 -0.032811284 
1 -0.43954372 
1 -0.26797414 
1 0.3956759 
1 0.36239946 
1 0.16514993 
1 0.15468168 
1 0.19511068 
1 0.39416385 
1 0.39473486 
1 -0.107673645 
1 0.4131856 
1 -0.09292185 
1 0.08960199 
1 -0.32348692 
1 -0.2048186 
1 0.24808085 
1 -0.0032231808 
1 0.33124983 
1 -0.47171724 
1 -0.33686388 
1 0.4150051 
1 -0.23594427 
1 0.38273394 
1 0.39060187 
1 -0.094536066 
1 -0.4694203 
1 -0.4529066 
1 -0.35831344 
1 -0.062464237 
1 0.2369138 
1 0.45157158 
1 -0.39093935 
1 -0.025553703 
1 0.16159236 
1 0.29166532 
1 -0.108252764 
1 -0.37442696 
1 -0.19679272 
1 -0.058061123 
1 -0.24345875 
1 -0.43016934 
1 0.34157515 
1 0.26307452 
1 0.04673779 
1 -0.33589077 
1 0.21834445 
1 0.26939833 
1 0.12994862 
1 -0.46735358 
1 0.42951536 
1 0.022386074 
1 0.13008702 
1 -0.23272717 
1 -0.08211517 
1 -0.38953173 
1 0.26840138 
1 -0.18493474 
1 -0.022951722 
1 0.14155293 
1 -0.3837998 
1 0.18806624 
1 -0.29107618 
1 -0.4541961 
1 -0.1379627 
1 -0.38683712 
1 -0.09978247 
1 0.28603685 
1 0.2737999 
1 0.06507158 
1 0.01845634 
1 -0.43628716 
1 -0.16502118 
1 0.28211117 
1 -0.08710635 
1 0.47079253 
1 -0.3189975 
1 -0.13887036 
1 0.17043614 
1 0.2082926 
1 -0.3049401 
1 -0.14733362 
1 0.1743753 
1 -0.16432881 
1 -0.24141634 
1 0.46597183 
1 0.07073176 
1 0.44255435 
1 0.031999588 
1 -0.4298172 
1 -0.29663193 
1 -0.043464184 
1 0.3244108 
1 0.09740603 
1 0.21479166 
1 -0.221313 
1 -0.42307925 
1 -0.27048457 
1 -0.3967228 
1 -0.22206116 
1 0.14731348 
1 -0.41984248 
1 0.08974612 
1 -0.049402475 
1 0.46011174 
1 0.19492948 
1 -0.30583847 
1 -0.15657103 
1 -0.40271306 
1 -0.08068168 
1 -0.43107903 
1 -0.39232087 
1 0.09334612 
1 -0.42015684 
1 0.184641 
1 0.5528577 0.10979571 0.23053685 0.15756482 0.074773684 -0.033585824 -0.18420129 0.7423146 -0.5616939 -0.10279887 -0.08847367 -0.067117825 -0.046800014 0.34216297 -0.15204506 -0.42480335 -0.09117683 0.80997556 0.69045734 -0.3725534 -0.11455855 -0.35252005 -0.5288476 0.5486071 0.056084644 -0.34450087 -0.081571415 0.4855759 -0.40282357 0.45948362 0.8472911 -0.91979593 -0.057463232 -0.8922249 -0.19194818 -0.49020964 -0.2730222 -0.23262765 -0.08786627 -0.069085285 -0.38156044 0.19237429 0.28043374 0.8752249 0.33898246 -0.004609462 -0.48744065 -0.28887904 0.2919779 -0.01053282 -0.4728861 -0.2761755 -0.8875004 -0.31287822 -0.2475412 0.61517465 -0.05818396 -0.8229756 0.31251594 -0.614727 -0.36993164 -0.9196701 0.2660973 0.25935805 0.25654465 -0.22375184 -0.15331899 -0.014368399 -0.22220321 -0.46751407 0.058597814 -0.28500602 -0.44602868 -0.24756043 -0.3010859 -0.17017858 -0.058622036 -0.26753706 0.43410355 0.0070849326 -0.20429644 -0.5879127 -0.19410832 -0.29104814 -0.39756075 0.52035934 0.36280164 -0.05261782 -0.07779447 -0.0010203567 -0.7020016 -0.13588482 -0.45095184 0.46466076 0.7861426 -1.2367709 -0.9204436 -1.1373492 -0.37544447 -0.2689145 -1.4127383 0.54873323 0.39987144 -0.72225696 0.52849585 0.43056694 -0.37079516 0.35948417 -0.15688667 0.15667988 -0.102906525 0.65937054 -0.103266545 -0.21276674 -0.19688281 -0.63588905 0.28699252 0.35599828 -0.36232066 -0.28194886 -0.3330612 -0.56996465 0.53351605 -0.375835 0.4517782 0.21582651 0.30451265 0.7940416 0.7249333 0.016491042 -0.03490373 -0.8347859 0.12881331 0.5239732 0.29210874 -0.4695199 0.30114907 -0.0017683775 0.06798777 -0.44936696 -0.1309228 0.1939254 -0.3432781 0.011455919 0.2355833 0.5945741 -0.17911014 -0.5417476 0.69868207 1.3032616 -0.55473554 0.2404327 -0.23243912 0.777825 -0.74439615 1.2319978 -1.1424065 -0.22641459 0.534443 0.7518888 -0.28587714 -0.2681578 -0.17996854 0.6415233 -0.28049016 -0.7357575 0.26312017 0.35723567 -0.5841931 -0.80595046 0.32817802 0.20438156 -0.13558123 -0.7756154 0.7900552 -0.42705104 -1.7550114 0.46343833 1.1606599 0.16393766 -0.10237811 0.1616288 -0.72390014 0.55293006 -0.9472977 -1.1567079 0.3803222 -0.9431432 -0.54205346 -0.27557585 0.23919427 -0.7253265 -0.6531908 0.7484268 -0.08480867 0.07114392 0.17431128 -0.15961623 0.16807602 -0.16706437 -0.056691494 -0.7402851 0.5808748 -0.9484002 -1.0263945 0.49697435 -0.7059147 0.37526152 0.054114997 -0.31443912 -0.6505568 -0.7985912 -0.9608398 0.93724537 -1.3310844 -0.32991025 -0.119050644 -0.1544834 0.25364682 -0.107211396 -0.84161645 -0.37604645 -0.38546413 -0.01846667 0.42387375 0.37662074 0.17091744 0.6683034 -0.18048769 0.40812072 -0.9622752 0.65565103 -0.30420724 -0.15396835 -0.27048382 0.1549843 0.5704593 0.56402135 0.4856272 0.7565836 0.6774449 -2.250479 1.7326202 -0.4848374 -0.7642595 0.31868413 0.3015013 -0.36528563 1.0905938 1.1060442 -0.05976677 -0.6172391 0.022633327 0.11446831 -0.30044204 0.20227158 -0.13016322 0.06384703 0.7129746 0.8447237 0.52964145 0.025911381 -0.7561614 -0.65309125 0.30381855 -0.69041365 -0.008640002 0.23999381 1.2094374 -1.4980555 -1.5973454 0.8965144 1.6264628 -0.47460842 -0.34728968 -0.36485735 0.57593685 -1.0047289 -0.123880416 -0.3336909 0.0821398 0.19703755 -0.34054592 0.39260584 0.046966463 -0.23385054 -0.2213903 -0.8740185 0.32440302 -0.73474896 0.38625917 0.2872909 -0.30525124 -0.056008067 -1.3790617 0.66487795 0.28468192 0.4465497 0.7952256 -1.7737743 -0.4881008 1.2641667 0.98891765 -1.5357646 0.75130665 -0.25825915 -0.0600992 -0.27807572 -0.6399555 0.5053332 -0.3096355 -0.5990148 0.34375888 -0.2213937 -0.9790165 0.751195 -0.1684179 0.40245417 -1.1072451 -0.12157975 0.046584867 0.6085419 -1.8870466 -2.1185915 -1.2491094 -0.11488647 0.3007418 -1.7559246 0.46548623 1.4998153 2.0181205 0.90408367 -0.409528 0.09154757 0.05652145 0.45714274 0.1784451 -0.37094814 -0.5376547 -0.051362924 -1.4212025 0.4784755 0.8921198 0.056030683 -0.2666942 -0.8334033 -0.90204525 -0.76047975 0.5002731 -0.90307605 -2.6110325 -3.0820477 3.1583354 1.0492648 0.72157633 0.92354167 0.23949447 -0.49147573 -2.2173903 2.2454643 -1.369406 -0.4122063 -0.1322004 0.29011354 0.16203794 -0.27583033 -0.3176732 0.43828967 -0.08739652 1.3725173 1.3896486 0.13569395 -0.30124706 0.8164479 0.7178172 0.71128 -0.27822757 1.6739676 -3.0395863 -3.9880564 -3.6181197 -1.7242992 -0.29042295 -0.5438269 0.3454852 0.3111082 0.8854221 1.5363728 -1.6472466 -0.22404769 -0.21163574 -0.6403332 0.048975226 0.5055927 -0.11867455 0.22222738 0.01803764 1.6890548 -1.2574732 -0.95654595 -0.56068355 -1.6346757 0.8067538 1.2124708 -0.6072772 2.92374 2.9810107 2.4686148 -2.0295458 1.5633795 -0.97664165 0.062743634 -0.3591789 -0.39058736 -0.6031009 1.5899557 -0.012902799 -0.35193393 0.28710985 -0.08218909 -0.52157897 -0.30733305 -0.04722095 0.10910573 -0.07272443 1.4144626 -1.3984393 1.241048 -0.5565148 -2.334196 2.337264 1.5129739 -0.5219281 2.145376 -2.4118295 1.6019661 -2.089819 0.9769941 0.33910492 -0.309539 -0.7116482 -1.1928705 -0.7143831 1.4308603 -0.5976454 -0.28729656 -0.70222116 -0.26506442 -0.07320341 0.3259986 -0.3711576 -0.046266276 0.13480878 -2.1004212 -0.809301 1.7643003 1.0692143 2.520421 2.1373744 1.1716444 -1.5652027 4.450962 -3.1331801 0.92884153 0.9868485 -0.234317 -0.10447776 0.32347023 0.13182579 0.14358155 -0.31438464 -0.3083874 0.42420015 -0.59178215 -0.42201555 0.27017102 -0.21375792 -1.2907319 0.68881524 -0.33218214 -0.406636 1.1309001 0.83642626 1.3382331 -1.6184407 1.2632989 1.3881627 -0.42829442 1.4735883 2.9595413 2.3650718 1.3580408 -1.244899 -0.028653989 0.5726465 -0.09323904 -0.45001146 0.04126238 -0.2986652 -0.40464213 -0.008141386 -0.0664013 -0.70104843 0.54226184 -0.22840776 -0.4913616 0.7994572 0.664969 0.25134665 -0.46374643 -0.46705908 0.9773542 1.5621363 -2.4847653 -0.94227093 -0.3144314 1.3597656 -1.427868 1.2407182 -1.1355768 -0.11510202 -0.54253244 -0.9119275 -0.6097559 0.2567246 0.3354863 0.8543194 -0.31937173 -0.367718 0.16724387 -0.03541641 -0.6334027 0.29315132 0.10394855 0.20115316 1.2305716 0.5975169 0.8265023 -0.8015483 0.71291625 0.33132273 -1.5822457 -1.8466533 -0.46576297 -0.9555859 -1.0155797 1.4336569 -1.0989031 -0.41549033 -0.040424954 0.9726643 0.29933864 -1.2409928 -0.14215259 -0.45376217 0.17287016 -0.37052685 -0.022660255 0.6023388 -0.38608456 -0.49113172 0.38465086 -0.24343368 0.080966815 0.13219176 0.020025413 -0.70288444 0.75235033 -0.75807434 -1.4162531 -2.5451248 1.2709222 0.47117317 -0.28959358 -0.6550404 0.20238155 0.4118232 0.8325679 0.9977761 0.0745525 -0.45775762 0.75002474 0.34610176 0.78904545 0.483861 -0.095080085 -0.31017604 0.7453106 0.66442424 -0.04376078 -0.2946982 -0.36804044 -0.27583674 0.6967757 0.3684386 0.4340654 -0.32899 -1.4448099 -1.5393764 0.808538 0.05039019 -0.9831453 -1.3483711 -0.32516763 -0.43229133 0.7455564 -1.4609487 1.2951174 0.5832669 0.6802385 -0.44214284 -0.6375333 0.4109229 -0.6066967 -0.23478708 -0.24455446 0.16679706 0.008852624 0.62605584 -0.051107716 -0.2758081 0.3435179 -0.15383855 0.009663866 0.20641433 -0.523404 -1.8253827 -1.9936955 -0.905398 -1.3143677 -0.8462027 -0.51609385 -0.44335207 -0.07859194 -0.33349648 0.2750846 0.2825521 -0.437878 1.3165919 0.40045583 0.23293048 -0.20300643 0.48635894 -0.19051902 0.22681656 -0.62509173 1.0521928 -0.05990622 0.048988204 0.5409254 0.30961776 1.1228794 -0.56857586 -0.34438664 0.89813894 0.7872549 1.9038033 -1.7582921 0.36904088 -0.1987543 -0.34341604 0.27721924 -0.18734317 -0.49346152 -0.1714215 0.5176369 0.1415941 -0.23095737 -0.08963528 -0.523329 -0.065473676 0.06623742 0.8200548 -0.71702325 0.0034843504 -0.14515151 0.48983648 -0.16177475 0.31549075 0.43072644 0.8940235 -0.5795499 -0.7947095 -0.076085776 0.40730345 -0.7986889 0.44214696 -1.0054946 0.5757433 0.8227597 -0.76299036 0.64257795 -0.061349038 -0.27702564 0.319651 0.051916283 -0.2184227 0.06725985 -0.14640681 0.9667495 0.11041005 -0.124274805 -0.28684017 0.5720313 -0.27761704 0.32295632 -0.1155469 0.1770571 0.5799669 0.82832193 1.0449805 -1.2165552 -1.0791098 -1.8430613 1.1259385 -0.9960674 -0.60979104 -0.91145325 0.095984116 0.46258065 -0.20729925 0.3642761 -0.13781227 -0.5956926 0.00038479897 0.17468329 -0.5195629 -1.2251363 0.11634769 -0.32940644 -0.31743053 0.029287774 -0.26672527 -0.78059256 -0.19181557 -0.20964925 0.21898893 -0.5761624 -0.034183294 -0.5124186 0.41017362 0.63945746 -0.038329855 0.48620892 -0.9895279 0.8301131 0.010834235 -0.98055184 0.44635475 0.09449535 0.016848128 -0.34004557 -0.24358189 0.20458928 0.19472905 0.177598 0.1440246 -0.1272859 0.21481696 -0.25470927 0.34370834 -0.055893604 0.17134768 -0.1453194 -0.569611 0.14190607 -0.34328276 -0.030114997 0.55200374 -0.05635196 -0.41281566 -0.42220256 0.18308188 0.3231776 1.1995177 -0.78775376 -0.16727869 -0.20585893 0.21544285 -0.4670594 0.19443172 0.8342673 0.19015165 -0.13933326 
1 1.0886095 -0.052457027 1.0000288 0.5950929 -0.14926536 -0.35937816 -0.14063016 0.58366257 -0.16363865 0.76991206 -0.9237297 -0.8984931 0.06467901 -0.34494197 0.52488935 -0.49668014 -0.22826129 0.4703748 -0.5822708 0.13084127 0.6076777 0.67080873 -0.54623944 0.34555525 0.8024969 -0.03929512 -0.5180958 0.38053912 0.28998944 0.33219522 0.9338052 -0.93663025 1.1620444 -0.27134386 0.6781704 -0.34489435 -0.79850215 -0.26435894 0.11713833 -0.47752202 -0.34541842 0.5492231 -0.6612646 0.16340064 0.35690013 0.05172621 -0.5123431 0.10953145 0.6481256 -0.2897754 -0.5916898 -0.4809423 -0.5663446 0.023648642 -0.874941 0.7915229 -0.9553227 -0.032799754 0.69430256 0.48266548 0.544419 0.049874216 0.97981894 -0.48580813 -0.6939069 0.13817364 -0.4923628 0.3486124 0.70855564 0.19863959 -0.83475155 0.048047464 0.3065632 0.07458658 1.0617757 0.35059157 -0.46224374 -0.91571337 -0.3921996 0.124932565 0.12105756 -1.0197611 0.43740195 0.30124545 -0.58741295 0.5085185 -0.5526691 0.39631218 0.6794749 -0.49546108 -0.79243565 0.18103175 -0.10269449 -0.51153946 -0.60763466 0.011420371 -0.7252879 -0.84078383 -0.2649024 0.06903819 -0.91543084 0.8288975 0.71506625 -0.68558353 0.018961227 0.79135203 0.67807555 0.25786066 1.3002323 1.1073201 -0.124221005 0.8693023 0.63358086 -0.65850747 0.88602054 0.15361673 0.7296473 0.39054725 0.32761112 0.040666692 0.2547551 -0.015618738 0.2354891 -0.23164819 -0.2645906 -0.3039905 0.6841855 0.110715024 -0.1286799 -0.2046204 -0.11818466 0.979733 -0.3485765 0.04709364 0.5885469 0.04393716 -0.45632148 0.76470107 0.06318333 0.30815664 -0.21395981 0.08058341 0.109447524 0.91878146 0.0094774375 -0.50449467 0.051232796 -0.877614 0.6595167 2.4926572 -0.9657476 0.5257209 0.25886887 0.53596365 -0.12603927 0.75899136 -0.5148824 0.41006324 0.2383792 1.5850574 1.0420269 1.2055749 -0.9740031 -1.0227767 0.49942833 -0.60806036 0.4453274 0.36564586 -0.58542734 -0.31959113 0.6602663 0.90624124 -0.08147032 0.5135654 0.3434507 -0.6097436 -1.4912944 1.3664814 2.4666986 0.6185054 -0.8902488 0.70085174 0.6767663 -1.5393523 1.3662109 0.8678261 -0.5551219 0.44902793 0.23990166 -0.6219994 0.87830526 -0.5026124 -0.5876777 -0.28692636 0.13097723 0.48371118 0.75148886 -0.13413295 -0.35110164 -0.6868078 -0.553831 0.602134 0.15631776 -1.0257647 -1.690879 1.5299366 -1.46936 0.7250621 0.62123144 -1.1460925 0.7873097 1.8695762 1.4355046 -1.8494548 0.05430118 0.016481243 -0.18898249 -0.71166635 0.4440475 -0.24420936 -0.79249567 -0.41726336 0.20413755 -0.33197853 -0.11585694 -1.1129827 0.29009247 0.7987125 0.5262499 -0.89764434 -0.94847804 0.93059134 -1.4833829 -2.0923157 -1.8125298 0.8136078 0.6785746 0.8217706 0.2954955 -0.2641042 -1.1237348 0.72273594 -1.2169802 0.6021912 0.5624041 0.2602359 0.52261305 -0.5597091 1.1787167 0.4150263 -0.21739475 0.9594839 -0.95322007 -0.2813449 0.32980773 -0.90165246 0.7794621 0.45102838 0.10168644 2.0096986 -2.0080943 -2.140589 -2.058514 0.7008701 -2.0467613 0.51835203 2.0658717 0.6865867 1.5799322 0.23406279 1.3796972 -1.7637234 -1.139103 1.0617388 0.5369748 0.87842315 1.283124 0.11912199 -0.64467996 -0.190997 0.5862071 -0.3488335 -0.43277794 -0.32198748 1.1614906 0.32319784 0.011773491 0.8878066 -1.5401298 -1.4871471 -1.4491965 0.4223416 0.9295251 0.000785271 2.1019778 -2.48171 0.65135854 -1.5739605 -1.378183 0.2923794 1.4552246 -1.4754895 -1.2967533 0.22166601 -0.3414243 -0.066468194 -0.18467712 1.1116802 -0.10388977 -0.95104533 0.83602834 -0.34672356 0.4295596 -0.9841432 0.18909036 -0.59101903 -0.31521896 1.2214153 0.95998603 -1.6415784 1.1740589 -0.81537485 6.2497697 3.1146874 1.0759937 0.22958186 -1.1791631 0.15630524 -0.9581308 -1.3262438 -1.0786412 -1.2178563 0.0024566543 0.29720348 -0.51174486 0.3837129 0.8043403 -0.47990412 -0.16778305 0.23683274 0.2442274 0.81171054 0.08175202 -0.13385206 -0.105136774 0.6730107 1.5989647 1.7197058 -0.29671207 2.6120412 3.914142 2.8278894 -1.1272844 0.50380087 0.8512876 -1.1741432 -1.2421548 0.83424264 0.5767106 -0.21975821 -0.2263149 0.7026362 0.13413645 -0.1118773 0.30275002 -0.2616284 -0.768495 0.6261854 0.8364995 -0.15440655 0.68583816 -0.06433836 0.74867314 -1.031749 -2.9606833 -3.0686862 0.6099759 -2.4599822 2.7179067 2.4063373 0.8517255 -0.2654438 -1.0731026 -1.5028076 -0.4168793 -0.12152384 -0.38737434 0.063669614 0.080474414 0.59143704 -0.5038904 -0.7687003 -1.0376415 0.5775798 1.6407394 0.99547327 0.24782917 -0.16708834 -0.29061672 -0.2535818 0.9160708 1.435181 -3.781162 -1.4575915 0.64070547 -4.0774384 -4.7776446 -3.3915029 1.3872194 0.06686737 -0.98073137 1.1943167 -0.30062744 -0.53110784 0.4040269 0.0005307418 -0.39196068 -0.29010013 0.9670349 -0.6727206 -0.1325284 0.81633633 1.1803697 -0.38663885 0.26636738 0.6901644 -0.3501134 0.058366593 0.51590943 1.2215102 -1.9811176 -1.2206944 -0.85147476 -1.8780539 1.1430925 -0.96685153 -0.15908201 0.069948226 2.1156664 -2.2407792 -1.1333762 0.55612886 -0.2069464 0.034879547 0.24322873 0.6320021 0.3756867 0.21317258 -0.8978089 -0.17655955 -0.8892394 0.78700125 0.09522967 -0.08393397 0.6231771 -1.3431339 -0.56008714 -1.782663 -1.4895501 -1.2481226 -0.94652516 -3.8579025 1.8613353 -0.761438 -0.11825258 1.9489217 -2.7430868 -1.3983928 -0.56326616 0.2891785 -0.3827831 -0.016967634 0.3342917 -0.29480127 -0.121089116 0.077904984 0.9941434 -0.46735454 1.2573838 0.3805343 -0.49736556 -0.26444557 -0.9684872 -1.3817216 1.290465 -0.09350546 -0.7104423 0.1815531 0.8836176 -2.871132 -1.6216712 -0.14414163 -1.0477556 -2.0878217 -2.200378 -1.6322317 -1.3980275 -0.84263635 0.27010113 0.07338738 -0.1609498 0.2871096 -0.44452047 0.7297784 -0.82690024 -1.2611558 -0.19693765 -1.0388738 0.28817403 0.2642371 1.9228088 -1.7440838 -1.4014608 0.18460922 0.23433536 -0.2699246 -0.99868 1.5937569 -0.58196753 -0.9853626 -3.0275176 -2.410846 1.1489795 -0.35417122 0.107971504 0.85513484 0.60780084 -0.31772602 0.026316067 0.11106199 0.09007388 -0.33473748 0.5240096 -0.6845019 0.6413239 -0.23182593 -0.81882685 -0.94655657 1.7156994 0.21023972 0.89974564 0.6795093 0.6342671 0.3720996 0.9653883 0.9967194 -0.4696538 -1.8456147 -1.6876974 0.9989969 0.032837637 -0.8492444 0.014033789 0.6869096 -1.1739007 0.5211064 -1.0411292 -0.16297461 0.23969913 1.4940128 -0.24527843 0.13486941 -0.07039164 -0.058174543 -0.3366738 0.22521655 -0.032621432 -0.94117916 0.8319457 0.24516991 0.3039949 -0.37356046 -0.45318222 0.18645279 -1.1135819 0.99860084 0.6010791 0.7053356 -0.24679689 1.378196 -0.008231821 0.8244524 0.6654747 0.66830033 0.38505974 -0.07066877 -0.54600126 0.66563004 -0.14853908 0.9163292 -0.39877433 -0.12232191 0.1298374 0.25652036 0.12735216 -0.05418776 -1.1557236 0.7686048 0.36560917 -1.5648754 -0.7346105 -1.5126817 -1.288078 -0.41837916 -0.36919615 -0.42656672 -0.12783954 1.0589949 0.6563351 -0.6089757 -0.2943451 -0.42572936 0.41744173 -0.3211367 0.72094625 -0.42139974 0.3596713 0.19218387 -0.15372503 0.41543955 0.28928983 1.4305098 0.5216437 0.8295292 0.23392765 -0.6223158 0.6806668 1.1334044 1.0448722 1.235383 0.47818682 -0.10165339 0.97023094 -0.7664669 -0.92396015 0.3495703 0.45496482 -0.56947434 0.7400879 -0.461267 -0.07755574 0.97328657 0.3903594 -0.48636317 -0.7307746 -0.23979485 0.24573632 -0.43249318 0.40267912 0.8571809 0.86087656 1.0004478 -0.8398341 -0.21724835 0.96447784 1.1040889 0.6076356 -0.28032064 -0.358939 -0.880401 -0.7888283 -0.96094483 -0.9526807 0.4330308 -0.7317304 -0.07033571 -0.07765773 0.008686393 0.014247721 -0.8033871 -0.23190561 0.40153372 0.2453571 0.85168433 0.9511398 0.7468424 -0.06810063 0.7327559 0.11196063 -0.6375807 -0.12885202 0.70377296 -0.9867324 1.0529265 0.87132007 -0.21388765 1.0623542 -0.6307549 0.3843006 0.41702616 0.005608245 -0.49801263 0.44319123 0.6372592 -0.16752043 -0.5125095 -0.516669 -0.44717574 -0.5498796 0.15549172 1.155371 -0.4570157 -0.23104195 0.65507376 1.1407261 -0.47042853 0.51133317 0.055841673 -0.2655488 -0.048835743 0.57710403 -1.2445004 -1.3560072 -1.6825746 0.89093375 -1.7390137 -0.74646574 0.09626786 -0.0043987255 0.64775926 0.2653744 0.8293652 -0.34645197 -0.6274726 0.39645654 0.22198337 -0.15185739 -0.77915996 -0.2563176 -0.6187318 0.5212647 -0.9086111 -0.5186063 0.2610914 -0.36583456 -0.3329716 0.9878593 0.4116205 -0.41645947 -0.1569283 0.8473688 0.027185954 -0.72105855 -0.75979286 -0.20901681 -0.041752297 -0.6067144 0.3042164 0.9710346 0.16468932 -0.5195502 -0.36433998 -1.2900947 -0.46674484 1.1695536 0.6901219 0.8671313 0.98110646 -0.09225758 -0.72342193 -0.1628857 0.4127561 0.9211917 0.627928 -0.005711411 -0.7026067 -0.6447664 0.5786293 0.12753837 0.38978097 -0.20304118 1.5332304 -0.048041902 0.89553773 0.616441 -0.50397253 -0.6156983 -0.15803798 0.37194803 -0.40053678 -0.6674275 -0.14948355 -0.901386 0.48851863 
1 0.8442636 -0.4008914 -0.26952636 -0.44457802 0.867757 -0.6513139 -0.2903244 -0.27444127 -0.055355176 0.24179801 -0.70208883 0.843111 0.03159464 0.19976494 -0.19720171 -0.10142977 0.35014012 -0.7984238 -0.34499258 0.75185865 -0.38023308 0.24540234 -0.13997889 0.48982856 0.3797095 -0.2794953 -0.055623658 -0.32217878 0.6044397 0.30262366 -0.06966247 -0.34645808 0.79938114 0.3325248 0.22170974 -0.39349368 -0.21034455 0.37891015 -0.059303354 -0.23853925 0.16710302 -0.2523453 0.11455742 0.54969376 0.42582795 -0.3047211 -0.3614745 -0.29365978 0.028218603 -0.17504019 -0.21334247 -0.008141225 -0.056886997 -0.5225736 -0.047552697 -0.24283142 -0.733828 1.0712342 0.48538184 -0.83068556 -0.17913918 0.23769957 0.41051796 0.0467458 0.016285805 0.09348974 -0.050871037 -0.25496736 0.73778397 1.4077381 1.0782584 -0.9834427 -1.5376191 -1.2588075 -1.5243562 -0.88653487 0.38918105 0.20468338 -0.6801186 -0.15234792 0.959071 -0.32062808 0.0016576286 -0.21769252 0.324957 0.3418703 0.2505096 0.7766065 -0.14884263 0.7965679 0.08034579 1.1463488 0.21278273 1.6211871 1.3617558 0.5118683 1.0080972 0.0807232 -0.88720536 -0.54270947 -1.6472789 1.0842547 0.793026 -0.72766984 1.3266634 -0.7997153 -0.398483 -0.16686691 -0.3401837 -0.3334544 -0.15953359 0.40648845 0.8591416 0.53683704 0.037157167 -0.08822676 -0.006964963 -0.12637846 -0.07220996 -0.61321706 0.8850827 1.2108488 -0.44075695 0.9376367 -0.55800474 0.83737653 0.8035593 -1.0195595 0.7213723 0.24303922 -0.008835091 -0.87025 0.010249471 0.17932434 -1.1886417 0.65785885 -0.26153183 -0.32593182 -1.0739763 -0.26787937 -0.124281354 0.1371546 0.6319654 -0.15247239 -0.18360735 0.38278916 0.14890519 0.44772786 0.11497393 -1.4350439 1.1850317 -1.878634 -1.5588223 2.620741 -1.7894155 2.2782605 -1.1617806 -2.55058 0.13067564 -0.0007533419 -0.64323324 -1.8497752 -0.24641557 0.45565495 0.12306239 -0.16481511 0.39349592 0.624595 -0.06020157 -0.4193423 0.53272533 0.36392516 -0.08873364 -0.15583575 -1.0001063 0.055998765 0.816289 0.19916078 0.19442709 -0.647869 -0.2955877 -1.6138995 -1.0598162 0.8697817 -0.059118386 -0.37383497 -0.75189394 0.31988573 0.82116836 0.41672513 -0.48829547 -0.5459117 -0.8693045 0.0057914886 0.055048425 0.47264454 0.45710984 0.07501192 -0.74428093 -0.6592041 0.30740863 0.20854294 0.17937511 0.8621207 0.39134073 -0.7457636 1.1804285 0.18481234 -0.11279387 1.0696735 -0.3025773 0.23781678 0.1174297 -0.59583604 1.0304245 -0.12224137 -1.0882808 -0.48131287 0.12915322 -0.9534203 -0.5560307 0.3973884 -0.17449357 0.8466083 0.3441039 -0.47704205 0.41218242 0.8981022 0.36525825 0.06365604 0.03707589 -0.041484933 0.07223285 0.1073685 0.5170922 -0.7751008 0.17134042 -0.28339642 1.2824295 0.872619 0.28661335 -0.15180318 0.2685107 -0.10874336 0.6542306 -1.4208499 -0.20726831 -0.019613255 0.31890687 0.16601455 0.3411564 -0.9764816 0.067505665 -0.39421767 0.64377856 0.008723403 -0.31706905 0.03501554 -0.39840308 1.3206304 -0.54580796 -0.001642198 0.27841038 -0.42721844 -0.12200094 0.13041037 -0.744707 0.35004362 0.66318625 -1.202586 -0.6271349 -0.11646179 -0.35723147 0.6052024 0.5852334 0.44071603 1.0929295 0.11718749 -0.35846788 -0.08453605 0.59717923 0.20891495 -0.286611 -0.07822158 0.15143129 0.09535767 -0.8471933 1.1604669 -0.9705856 0.2126032 -0.8179373 1.2346536 0.63837034 -1.2199748 -1.0754938 0.35537142 0.4229888 0.6293147 -0.39152873 -0.014822075 0.36798966 -0.07977537 -0.3117614 0.69191176 -0.53273606 -0.37811744 0.56899625 0.16347633 -0.27478504 0.2632883 0.5379845 0.13056128 0.016264683 1.7893333 1.5958773 -3.2612243 -3.062327 3.2043033 2.337906 -2.8228643 2.0966609 3.4713938 -5.863455 -2.5822937 -0.86392856 -0.008350533 0.5005556 -0.63226795 -0.6111883 -0.39592332 -0.39479852 -1.0640838 -0.9160388 -0.48709762 -0.6978944 0.41004205 0.30871078 -0.29857266 -0.13586366 -0.6241951 0.2754587 -2.1312828 -3.626687 -4.8723645 -3.9058523 2.2864618 2.9348993 1.5524662 2.6544576 -3.5143707 -3.9099689 -3.3485622 1.3418875 0.8512868 0.19578764 0.96453846 -0.15122366 0.42840058 1.1431764 -1.4247283 0.7977633 -0.1345893 0.28271478 -0.6674218 -0.6199472 -0.0641501 0.69425005 -0.20852996 -0.01045916 -3.461878 -4.202697 -4.508478 3.0259469 -1.526892 -2.0452108 -0.8985064 -1.5038311 2.5329423 -2.7349195 -0.81242985 -1.0281848 -0.6675025 -0.27651623 -0.63204134 -1.1703025 -2.0097604 -2.2155712 -2.3506732 0.83184767 0.56868196 -0.3448758 -0.06724108 -0.030082261 -0.36649027 0.29173228 0.46042183 0.7892682 -1.5014541 1.8279494 1.0375001 1.2939757 0.051412392 0.048036788 0.5581555 0.043893494 -0.6728496 0.76965195 1.0003171 -0.99068373 0.83265615 -1.201977 0.43521187 -1.8358784 -1.3434478 1.2831998 -2.8415782 -0.43366298 0.11720636 0.25564763 0.53854215 -0.33397704 -0.092734806 0.22157855 -0.25674465 0.12931421 -0.8510695 -0.10700549 -0.39535147 -1.2286738 -0.96566916 0.8854904 1.4113632 1.6970937 -2.2884567 1.2847459 0.50640947 -0.32344508 0.33927974 0.38057005 -1.3243831 -1.1126512 1.6582052 1.318869 -1.9538031 0.354594 0.6805881 0.64668965 -0.47449547 0.06861859 0.3170801 0.363093 0.4818547 -0.07312784 -0.69902724 -0.757494 1.2531118 1.2223822 1.9820769 1.2112292 1.2624995 0.78945786 -1.5727878 0.6923888 0.41953254 -0.3202153 -0.40134206 0.10163742 -1.6415371 -1.0346024 0.44691792 -0.1689033 -0.23929681 0.26510724 -1.0265632 -0.60080516 0.6160761 0.4151165 0.21295324 0.0572601 -0.34569636 -0.84648603 1.2420496 1.8634447 0.950224 -0.718088 0.4083211 1.405204 -1.4825102 -2.140058 -1.9108441 -1.3044641 -0.9146561 1.7363118 1.0217923 0.6215443 0.06339519 0.24549565 0.11237954 -0.27651486 -0.6813154 0.35664952 -1.0193087 -0.47675273 0.454302 0.038093764 0.7760895 -0.03629745 -0.18450387 -1.0526372 -0.7245439 -1.2497677 1.1900926 1.1981 -0.41310906 -1.6426892 -0.17897704 -2.5584366 1.8969698 -1.5247996 2.082321 2.435254 2.167792 0.15477996 -1.0608343 0.35218847 -0.52944756 -1.1019574 1.9129094 2.385114 1.4495839 0.37556934 -0.0838608 0.25791806 -0.29034224 -0.21841942 0.86569124 -0.9061956 1.3229811 -1.9575324 1.9387993 -1.5851643 -0.44451162 0.12744851 -1.4993445 2.3539937 1.7055422 -1.0600297 1.9605654 1.3640205 -0.3412573 -0.28337607 0.14061315 0.41472328 -0.85220784 1.6849895 -2.0450568 1.9650728 1.1890957 0.5405374 -0.14187826 -0.54089934 0.8982452 0.47562554 -0.53829116 -0.759103 1.2583748 -1.0287701 2.022031 -1.9870973 -1.8093743 -0.7982065 1.509079 1.0271485 -0.057908732 0.7691822 0.4189433 -0.20496404 0.035835527 -0.12566565 0.07584801 1.811114 -0.88370186 -1.0748448 -1.8472053 -1.4911234 -0.5925036 0.07547093 -0.1305795 -0.059754625 -0.015607345 0.4644963 -0.44844696 1.3520887 1.0212514 0.85857123 1.281129 0.82224274 -0.6273534 -1.1843524 -0.14618859 -0.94905496 -0.48442003 0.017896336 -0.2044047 -0.027707987 -0.056778826 1.165761 -1.5890481 -0.89777315 0.8492756 1.303751 1.776545 1.9259874 -0.7210522 0.5727685 -0.18110429 0.6612277 -0.19014788 -0.17407109 -0.5001731 0.071294546 0.44120094 0.4873482 0.7672265 -0.023115631 -0.26346907 -0.0153653845 -0.5111951 -0.0017289711 1.4348955 1.4474947 -1.2299296 -0.66156274 -0.25577348 -0.09290895 -0.9021488 -0.89384216 1.3407553 -1.8641571 -0.87991536 -0.73561275 0.3790015 -0.567625 0.65429884 -0.0906376 -0.11538936 -0.1695843 -0.0753497 0.46172938 0.11803851 -0.6357539 -0.83097744 0.482781 0.90087306 -1.8945522 -0.90468866 -1.7347571 1.3694048 -0.7012484 0.49723038 0.9297396 0.063419074 -0.10870958 1.5294973 0.52418697 0.1469427 1.3972188 0.3119484 0.19191316 -0.1759481 -0.5095535 0.27889818 0.24695922 0.935164 0.3201792 -0.73865193 -0.11830471 -0.46665943 -0.76402545 1.231332 -1.4451146 1.532806 -1.8285378 0.4875573 1.0697365 -0.49312136 0.40329435 -0.3656272 0.33102235 0.24350135 0.062181562 -0.22525871 0.33272502 0.43760914 0.2722757 -0.23678339 -0.034187082 0.09652426 -0.030631904 -0.21071182 -0.29682875 -0.27556854 0.0013297229 0.60901654 0.20994414 -0.16405122 -0.07487283 0.5548452 0.6573541 0.52435106 0.9461834 -0.26346278 -0.5286132 0.34799507 0.9345187 -0.25501144 -0.27195254 -0.7183842 0.42788306 0.78910303 -0.37127605 -0.12082913 0.54611707 -0.053400427 0.26338118 0.68496066 0.67325383 -0.5174248 -0.06380551 0.4829922 0.23148385 0.28163788 0.2717716 -0.6389437 -0.0634564 -0.39451897 0.06969552 0.15344761 -0.34605998 -0.20383394 0.032378435 -0.29594475 0.6226405 0.41442823 -0.41586733 0.72198176 -0.010537446 0.038444802 -0.20231123 0.10488387 -0.11443466 0.26369625 0.099056296 0.096095055 0.007232279 -0.41161966 0.021172334 -0.594855 0.039821316 -0.49970844 0.2406291 -0.42725128 0.40214145 0.47498527 0.2707907 -0.19395648 -0.29718292 -0.19493356 -0.013644801 -0.2572415 0.012318779 0.5345898 0.13402222 -0.0148179345 0.3225036 -1.0238144 -0.446418 -0.22673786 0.21954378 -0.5989523 -0.66489077 0.3496158 -0.71988356 0.32891127 
1 -0.12983453 -0.17021374 1.0802146 -0.28775975 0.18263505 0.26734546 -0.3085856 -0.12201976 -0.64335287 0.026685804 0.18492949 -0.037181783 -0.0797346 -0.41615915 -0.03584462 -0.58246785 -0.46172923 -0.26325005 0.36380136 -0.85411465 0.36595947 0.40844464 0.49350688 1.4168761 -0.09109884 0.30711478 0.21089949 0.7932764 0.8895305 -0.18021886 -0.37866735 -0.48210144 -0.70541996 -0.17122011 -0.053349044 -0.65896404 0.7383025 -0.695997 -0.013543564 0.21065767 0.27865294 -0.45189285 -0.26115695 0.1377361 0.5509224 -0.14625742 -0.40764835 0.6756027 -0.22693561 0.39110914 -0.35721776 -0.56267416 -0.24697892 -0.6309175 0.1971215 -0.5933909 -0.5188497 -0.36544663 0.5746201 0.3050255 0.25002035 -0.77902293 0.24865824 -0.3489191 -0.22960424 0.040115282 -0.22621553 0.25032663 0.043123692 -0.8175845 0.69101685 0.32806638 0.021462169 -0.2415167 -0.47573403 -0.5505727 0.19905931 -0.5091999 -0.2902354 1.115148 -0.5305264 0.27232245 0.29492596 -0.12840754 0.28622583 -0.36510712 0.78220326 0.035471607 0.16585772 -0.66590786 -0.11306046 -0.007390341 0.622976 0.24026376 0.110290095 0.30513754 0.22906342 0.8131873 1.1085726 0.44264135 -0.7242508 0.23107326 -0.5105074 -0.3058576 0.1473518 -0.62944824 0.31428015 -0.627143 0.5379 1.2994828 -0.37472785 -0.49041376 0.21629529 -1.005913 0.6399017 0.67883474 0.03537737 0.1804068 -0.028092757 0.30082455 0.80385345 -0.2180431 -0.60334855 0.39143577 -1.4746841 -0.27539998 -0.26819354 -0.52467436 -0.0146565 0.08981472 0.039900806 0.80152076 0.6733462 0.7536916 -0.9790902 0.41311434 -0.18093266 -0.8775424 0.19434531 0.26162213 0.3850017 0.078768335 -0.18593444 0.057776306 -1.0989588 -0.71962786 -0.89140564 -0.056502018 -0.37799165 -1.0496925 0.13070154 -0.5884846 -1.931955 0.81299156 -0.2856034 0.1626175 -0.36615512 0.083882056 -0.57458836 -0.87597793 -1.0028166 -0.9829716 1.693424 0.6744117 -0.09022176 -0.06637782 0.021056443 0.12724102 -0.52572656 -0.8939912 0.32744777 0.45944846 -0.14887728 0.4377145 -0.23374918 0.41154647 0.42427403 -1.1807891 0.36882946 -2.656588 2.3208866 -1.9777883 -2.22431 0.40711996 -0.41211298 -0.7095526 -1.7788976 -1.2647418 0.14668421 1.1242999 -1.8661048 -2.0876002 -0.48030537 -0.01934468 -0.42638895 0.114488654 -0.38112527 0.285733 -0.25288677 -1.3426315 -0.22659491 0.50569725 -0.5735986 0.66756064 0.57346725 -0.9747205 0.4509694 -0.37123334 0.020327931 0.022409435 -0.35599577 -0.7557185 -1.3786576 0.82816327 -0.19495392 0.302537 -0.6237506 -0.39347398 0.73055845 -2.8101506 -2.3606858 -0.45829073 0.31335992 -0.22817057 -0.4704387 1.2753919 1.0495268 0.64328253 1.4079435 -1.114484 0.3674557 -0.3801738 1.737308 -0.14536865 -1.0754176 0.86400497 1.6132926 -1.0551076 1.4880356 2.408738 0.88399535 -0.21465471 0.23519605 -0.06590589 -0.31342307 0.11472909 0.3159164 -1.5760329 1.7563485 0.5578043 0.5802772 -0.2670613 -0.40245548 0.1110114 -0.26700196 -0.5112609 1.4607732 -0.5871364 -0.77882016 0.7720466 -0.6002047 -2.9553895 -3.655998 2.4595063 -1.548997 0.9893855 2.403338 2.765379 1.2056183 -1.2514477 -1.6821645 0.98102015 1.5443759 -1.3175652 0.59384435 0.97722757 0.9277539 -0.084585145 0.26548296 -0.21157809 -0.08107114 0.12826835 -0.029492736 -0.680173 0.8850977 0.7787939 -0.20457648 0.81719226 -2.1523829 -4.3129034 -4.847126 2.2546623 1.2182955 0.0320871 2.039623 -2.9772358 3.550875 2.8137136 2.2578216 -1.0814844 -0.99249643 0.07389608 0.62035763 0.23165853 -1.0791923 0.012570281 -0.71390265 -0.80247134 0.5342234 -0.42955804 -0.7628115 -0.5067432 0.972443 -0.2444886 1.0671723 -3.6869044 -4.0309887 3.1894772 2.3405907 -1.7983423 1.1960616 -1.5443795 2.8937805 3.8885748 1.8570557 -0.9871082 0.17901832 -0.9111683 0.08878435 -0.063411646 -0.54307896 -0.46530056 0.45034832 -0.53507775 -0.8998766 0.19374971 -0.43784437 -0.44521397 0.08774635 0.049231067 -0.19169264 -0.6432816 -1.9751043 -2.8634195 -1.9106934 1.3462832 0.8609693 -0.5940431 -2.5365808 2.399025 4.531373 3.9887369 -1.8889651 -1.1510104 -0.60671496 -0.49322936 -1.2030077 0.87036294 0.5585843 -0.3040074 0.09111723 0.37405545 -0.040664066 0.07526129 0.75973094 -0.30311662 -0.1099575 0.20902465 -0.67597157 -0.42888916 -1.5361484 -2.054888 0.9898663 -0.5998349 -0.05274456 1.8458934 2.1587896 -4.527848 3.514201 2.378916 0.7765967 0.81652313 -0.36269236 -0.95944506 -1.8028382 -0.48546997 -0.4569325 -0.49504438 -0.4075292 -1.0517008 0.582254 -0.2725807 0.14511518 0.023802396 -0.07314012 -0.031860333 -0.4951414 -0.43691206 1.2568607 0.859734 0.1308143 0.2846858 -0.578048 1.0915703 -1.2409528 -1.4493495 -0.96372133 -0.069120415 0.46150574 0.018227695 -0.023769926 -0.12950754 0.058635455 -0.38486493 0.24628186 -1.5979706 -0.28561744 -0.15778822 0.021245064 -0.4656177 0.106911495 0.03583306 0.035438802 0.65408236 -0.15997066 -1.6350559 0.6622399 -1.5395977 1.2969872 0.9307708 -2.1177251 -0.22992218 0.32196665 -0.062394775 0.25874493 -0.15928388 -1.1206919 -0.34508556 -1.6094177 1.0397662 0.5662975 -0.9938116 -0.16773199 -0.4507559 0.23177941 -0.87302 0.47243518 -0.10666702 0.035243757 -0.61989826 0.17204326 0.3363919 -0.9811457 0.26060894 0.71310925 -1.915647 -2.3850849 -2.2956362 -1.992009 -1.2163724 0.07559426 -0.7838286 -0.05358744 0.13748622 -0.18625897 -2.1241388 1.3696445 1.7084935 1.6173893 -1.260952 -0.61983246 0.5032333 -0.3870948 -0.40362653 0.1893336 -0.4049694 -0.1578506 -0.47244394 0.5659324 0.79041094 -0.4033163 -0.7778199 -1.111337 -2.5336404 2.034928 -2.5977607 -2.8665383 1.8622063 2.7817004 1.9601543 1.8005586 -0.13051167 -0.70747334 1.1432405 1.0265023 2.3678603 1.511014 0.75609785 -0.4338949 0.7232528 -1.0656043 0.7283354 0.42856094 -0.06309684 0.47999147 0.10418699 0.10078694 -1.0607684 -0.40599298 -0.27900943 0.06034318 -0.37334394 -2.100282 2.4505272 3.6731708 3.941347 2.1698408 -3.5091653 2.3415987 -0.73425186 0.68087655 1.0287532 -0.32332355 0.94596696 -0.76182675 -1.2750075 0.4982863 -0.96383333 -0.7831816 -0.15552992 -0.040945042 -0.27289575 0.56555367 -0.06666142 0.70266366 -1.1894418 -1.5754071 -0.18927278 0.50919914 0.054204673 0.4287946 0.16801043 0.6074731 0.4051174 -2.4749234 -2.0862503 1.5791042 -1.6075182 0.687551 -0.09612559 -0.75756663 0.5077284 0.44789168 0.39870176 0.27725258 1.3670443 -0.5709319 -0.12598802 1.0232469 0.34181452 0.1578052 -0.42497247 -0.7759928 -0.7584384 -1.2021109 1.8384444 -0.8535587 1.0574753 -0.40768328 0.054384306 0.002986121 -0.39541435 -0.38819098 -0.9122007 -0.73164296 0.9088468 -0.862315 -0.6835214 -0.1727468 -0.34026736 -0.28892645 0.5303882 -0.090193376 1.2909921 0.714009 0.16388342 -0.42871624 -0.8525982 0.29806525 -0.4858156 -0.2637655 -1.4817573 2.3659475 1.4797002 1.2833115 0.024010835 -1.4341784 -0.46492445 -1.0107927 -0.19946952 -1.112815 -0.3825944 -0.67696816 -1.4544877 -0.42529058 -1.2281797 0.07071079 -0.4188897 -1.349575 -0.79971874 -1.2950987 -0.7795476 -0.86004376 -0.3047575 0.6932854 0.013677816 0.28485575 0.81019574 -0.24196093 -0.2870738 2.3376577 1.6782168 3.2913628 1.4997685 0.67674506 -0.3438817 -1.5175043 -0.78892946 1.0052145 -0.7272132 -0.9155047 0.060159676 -0.12724791 0.48427352 -0.40797332 0.30578557 0.016683804 -1.6720041 1.6135869 0.69885486 0.85495096 -0.67091626 0.5983174 -1.0872462 0.31393555 -0.10380814 -0.16144349 -0.36334887 2.007618 2.372304 2.5461102 1.0624245 -1.4124793 -0.5665753 0.82553947 1.304405 1.0089536 -0.5642523 0.812863 0.23909457 -0.1716077 0.5801721 -0.29250517 0.036360614 0.44806096 -1.0337647 -1.7075783 -0.4818608 0.38328984 0.39676085 -0.10999455 -0.7380578 -0.37571263 -0.09425209 0.45152348 0.66707194 1.1190454 1.6477672 2.0060692 -1.7124124 1.8329773 -1.0781171 0.050644625 0.09181158 -0.6254361 0.79694706 0.3760354 -0.45625198 -0.4006593 -0.024112467 -0.5797364 0.1711028 -1.1752038 -0.69467527 -0.2444523 0.27778715 -0.7153068 -0.1620961 -0.37821814 -0.18128742 0.23825239 0.11887417 -0.5876663 0.23850681 -0.6697878 -0.2792377 0.21952596 -0.8166321 -0.12630714 -1.0760764 -0.4183654 0.7065233 1.3767037 0.23313588 -0.29768008 0.3941694 0.07517934 -1.0081384 -0.11822284 0.17798768 -0.5432067 -0.2506372 0.5288487 0.21675137 -0.44714606 -0.97511566 1.1400616 -0.05120629 -0.31922257 -0.72215307 0.17307305 0.11394391 -0.17389138 -0.92117524 0.7290315 -0.17467616 0.28322345 -0.05609493 0.5562867 -0.16147839 0.09828221 -0.033174913 -0.76336277 0.08181025 -0.17726167 0.3695427 -0.79027176 0.19570489 0.42913815 -0.048630506 -1.0208247 -0.0049434314 -0.71383846 0.24924767 -0.28024337 -0.0355589 0.34873003 -0.13453364 0.19862135 -0.4740704 0.46068257 -0.691803 0.8861991 -0.6444745 0.076610185 0.4010089 -0.1277044 0.07195304 -0.64031297 0.01917923 -0.5736946 -0.029580586 -1.132387 -0.8493672 -0.5193887 0.31785187 0.21290438 -0.18171053 0.087667435 -0.8217337 -0.97398067 -0.5238644 -0.12027594 -0.6892734 
1 0.18151556 0.15834069 0.9898898 0.87491846 -0.4211021 -1.1923078 -0.108231254 1.1298311 -0.28687102 0.88281107 -0.4413979 0.16496511 0.09010705 -0.9773331 1.1438361 -0.27106488 -1.5431496 1.0432864 -0.1693517 -0.2099006 0.4143558 0.27234003 0.19191365 0.3502373 0.61863875 -0.4983309 0.20622838 0.050033808 0.8579738 0.27351597 0.46676943 -0.56166655 0.883302 -0.65895903 0.25998956 -0.12989967 -0.12378638 -0.3648106 -0.3237054 0.16022618 -0.094559856 0.24909419 -0.3569303 0.17188385 0.061684333 -0.2947526 -0.16648482 0.22038956 -0.03148729 -0.54640627 -0.5534349 -1.0719507 -0.82550573 0.08569947 -0.33953643 0.3311009 -0.1057005 0.093385905 0.4441406 -0.09250526 0.75113475 -0.8940968 0.6193958 -0.45064148 -0.6429918 -1.2267076 0.6782437 -0.3857349 -0.8952919 1.3789068 0.5236051 -0.035089508 -1.0173374 -0.3563896 0.43878987 -0.2532902 -0.014079066 -0.8882255 -0.5445553 -0.083674885 0.63324493 -0.6326866 0.82582223 -0.29815736 0.080998756 -0.16676882 -0.57480764 0.30801323 0.048925824 -0.77732265 0.19489868 0.047862202 1.0397967 -0.20509668 -1.5948179 -1.3433926 -1.6031046 -2.3250134 -2.1506252 -1.9969453 -1.0319589 0.6383658 0.90708065 -0.3157963 -0.065141924 0.6317204 -0.04414385 0.59658355 0.014977948 0.5124821 -0.408697 0.69631255 0.5867011 -0.91304165 1.2109867 0.82793033 0.43916973 0.04286412 0.3906666 0.36917788 0.18411796 -0.09624922 1.0193247 -0.7678355 2.0769076 -1.7867868 -2.6020515 1.0538343 0.8488724 -1.3621973 -0.15710095 1.4417384 -0.4716009 -0.5326961 1.3472543 0.5692402 -0.5229821 0.5276326 0.8754938 -0.21197858 -0.15633759 -0.7014559 -0.5648838 1.0212162 -0.19716072 -0.51964223 -0.42401567 0.30225518 -0.1240436 0.39992294 -0.84176344 0.29542857 1.4354734 -1.8638896 -0.38891855 0.17972752 -1.526103 0.42529356 1.714986 0.45594478 0.3096809 -0.21444711 -1.4053937 -0.78190976 0.6636565 0.35724 0.5194739 0.6043028 0.083057344 -1.0829694 1.097655 0.59261 0.5058766 1.4975678 -0.17386821 0.9362152 -0.14592387 -0.5373868 1.0629228 0.01202033 -0.4049747 1.1085486 1.3149568 -2.2718601 1.0886121 0.8258225 0.8391104 0.47047922 -0.9343155 -1.08993 3.0363922 2.194955 1.0679641 -0.5460803 0.7421625 1.165828 0.6523787 -0.781605 -0.5896752 0.27632064 -0.42001697 0.24727222 -0.04674508 0.70876884 0.21996936 -0.36001208 -0.62808114 0.81956273 0.87102413 -2.3387187 3.1940145 3.2110064 3.1859019 -1.405013 0.6943166 0.59772563 0.11380831 0.20951453 -1.1369928 1.7840948 1.5772579 -0.20905393 1.4686128 -0.2569924 -0.2684336 -0.72764975 -0.91834515 -0.5118739 0.22035342 0.2429927 -0.28691778 0.36895385 0.56482935 0.10986596 -1.0873926 1.3955204 0.78629357 2.6486683 -4.5498557 -4.336794 -3.5642867 0.9648189 -0.95531267 0.22008216 -0.25846133 0.5840882 -0.76936865 0.71407515 0.14659181 0.049470376 0.44093618 0.98746866 -0.0035701017 -0.6229491 0.5126293 0.81314796 0.43969023 -0.4266304 0.13841213 0.7993928 -0.76890445 -0.80938643 -1.389879 0.77967083 -0.6694914 2.045385 -4.9207788 -3.512952 -1.865193 0.22920473 0.7353776 0.6360056 0.3727103 0.37443727 0.5536342 -0.4554676 -0.39806598 -0.07987786 0.109334536 0.19430041 1.4416492 0.64013106 -0.073827535 0.18894885 -1.3135229 -1.0188203 0.16627528 0.5820813 -0.86564547 -2.0922456 -0.5506524 -0.0903092 -0.95355046 -2.405337 -4.36684 1.8273225 -0.11252753 0.4243594 0.124920465 0.7490658 0.4504561 0.053839482 -0.8240941 -0.057702195 -0.4728659 0.14867438 -0.37926435 -0.7769735 -0.093874425 -0.23583952 0.26037428 0.31115374 0.08574407 0.44821873 -0.0823642 0.42246044 0.7635915 -0.0094335815 -1.4273005 1.5435 0.20664671 2.33984 -5.241104 0.017407402 1.2476063 -1.8801476 -0.25370356 1.5000898 -0.9426298 -0.81357783 -0.42845652 0.113675825 0.9209438 -0.21411166 -0.031587537 0.27812752 0.15082504 -0.5787587 -0.63093656 -0.24131131 -0.6195731 0.11026773 -1.1894473 0.38315815 0.77945304 -1.359304 -2.3293066 -1.8857971 -2.844212 -0.5729513 -2.8687828 -0.16363448 -1.7782607 -2.4841287 0.31608745 -0.67486393 -1.4547073 0.56288743 0.9053339 -0.9201854 0.6708615 -0.4168989 0.13291809 0.36949134 -0.02801939 -0.45401442 -0.5196329 0.7932037 0.92361057 1.1349856 0.84026873 1.135812 -1.0238863 1.2940887 2.7200541 4.7891665 4.1809793 1.4359058 -1.8597454 -0.03145313 1.5895839 2.157274 1.3632144 0.6156953 0.12755302 0.5491064 0.47192687 -0.99670386 0.030747375 0.21352005 0.30751666 -0.70677644 -0.7821938 -0.22185713 0.2824582 -0.39605182 -0.5253989 1.2782423 -1.2952516 -1.7877777 -1.0157707 -2.684896 2.9442232 3.3815386 -2.1325316 0.14646325 0.358893 1.0437471 1.0813396 -2.9029095 1.7311649 -0.7641706 2.881314 0.76563317 -0.31360888 -0.42152536 -0.14122914 0.2757656 1.0841271 -0.2867371 -0.7877723 -0.44381535 0.39384496 -0.36791533 0.47303346 1.4421147 -1.4974426 2.8868325 -0.99314404 -1.2364632 2.3121548 1.7139037 1.9848182 -0.9711489 1.4728923 -0.51819706 2.2033541 -3.9866784 -1.5864714 1.5986973 2.7542007 -0.43253866 -0.4396461 0.44620007 -0.027404735 -0.38491353 -0.7412966 -0.4269557 -0.4651247 -1.338936 -0.04570245 -0.33810022 -0.49691904 -0.65891236 -0.7838717 1.7986826 1.6130372 1.534214 0.22796643 1.095224 1.2742637 -1.9016511 2.1858022 -2.1606784 -3.5705905 -0.9706526 2.0916111 2.1168125 1.167627 -0.15069921 -0.26157433 0.12686802 -0.39993384 0.810021 -0.43593255 0.6862891 1.4074218 -0.8295326 0.81714463 -0.93637985 0.13739675 0.85194474 -0.27632868 0.7004971 -1.2347081 0.09070244 -1.2459253 -0.42818126 0.43472645 -1.4378567 -2.223164 -1.993041 2.2485316 -0.11674698 0.3606522 0.29603204 -0.23249614 -0.05939678 0.3777062 0.032746296 -0.3239601 0.23202746 0.039115995 1.3693498 -0.08541179 0.48968184 -0.31419906 0.3638058 -0.04033983 0.7877734 0.15245046 0.9648501 0.79865813 0.14686675 0.97064346 0.8800384 -0.12002792 1.0092847 -1.3675939 1.0854248 1.1970987 -0.6732715 0.6878921 -1.0090522 1.943673 1.1688797 0.9724993 -0.5511951 -0.21988128 -0.084839925 0.831842 -0.37304604 -0.11804243 0.1293057 0.76764464 -0.11958839 0.9685803 -1.9548541 0.77309585 -1.1742277 0.41300845 0.7254265 1.8218492 1.7402922 -1.9821813 -2.6122055 -0.36239344 -1.6214706 -0.5462086 1.4545641 1.688247 -1.4210804 -2.3357108 1.2118758 -1.5346326 0.72533 -0.46174076 -1.2086416 0.7731114 0.28048033 0.08074944 0.8784068 0.24116825 0.03720972 0.7148104 -2.1340444 1.3062912 -3.988209 1.3493155 2.3605642 1.5132469 -2.600973 -2.5103796 -2.4926436 -1.0554224 1.2125088 0.6292176 0.68555766 1.4115393 1.8255714 -1.6479553 0.6067437 0.9771718 0.6138493 -0.06122206 -0.21349138 -0.15002534 0.20732246 -0.32589513 0.063897915 -0.89645386 -0.54288155 -0.84627914 -1.7092035 -3.4593618 -2.8377235 -2.3016498 1.2352678 1.5395002 -1.3979945 -1.394122 -0.8209521 -1.4727452 -1.385195 0.21972571 -0.03436381 -0.22386932 0.09061379 -0.08554469 -0.4532533 0.48330104 0.25602025 0.4355816 -0.089006975 0.3130873 0.0015750501 0.49730688 0.8981705 0.11842653 -0.19019768 -0.3875856 -1.4719003 -1.1285534 -1.2738503 -1.4098487 0.35282338 -0.030780507 -0.20495486 0.63711506 0.80673313 0.3199794 0.6542496 0.37303385 -0.93939674 -0.60228574 -0.9503711 -0.20315906 0.6343101 0.14305471 0.06106321 -0.057624333 -0.09844243 0.4493513 1.0698662 0.1602701 0.24578618 0.8186296 -0.15720835 0.37641945 -0.3353906 -1.3631718 -0.7608202 0.102229856 0.9209711 -0.8879974 -0.97912884 0.7002639 0.19648159 0.59948844 -0.6475305 -0.29867116 -0.555258 -1.3983761 1.3493254 1.4762158 0.8798952 0.29925203 0.2553513 0.4587752 -0.26222304 -0.52641135 0.1347591 -0.5925084 -0.014667133 0.13412009 1.0138819 0.8550394 0.2459808 0.44611472 -0.15782878 -0.74848384 -0.55325395 -0.5805536 0.77260166 0.90316105 -0.623572 1.4653422 -0.12627545 0.2667992 -0.8995108 -0.43312502 -0.13188404 0.5306677 0.36132663 -0.60651207 0.012734435 0.4195382 -0.89125156 0.19702731 0.20586847 1.0200549 -0.12542793 -0.6075739 1.1198637 0.6227505 -0.38755658 0.16853516 -0.04077303 1.0077183 1.5080643 1.0343875 -1.9868975 -2.751016 -2.3925478 1.166781 -2.1968462 -1.414004 -2.7808309 2.371248 -0.83495116 -1.6762547 -0.9708227 0.016064687 0.35350546 -0.855622 0.383202 -0.06983206 -0.17963994 0.28714982 -0.75723475 1.5421591 0.36895663 -0.15475555 -0.86733633 0.062416088 -0.01799938 -0.8351498 -0.5778882 -2.165361 -1.1816732 0.9688376 1.2494109 -2.060905 1.7320695 -1.7636051 1.3197267 0.077161066 -1.4771577 0.10300378 0.36793157 0.07319038 1.4335274 0.1564001 -0.5794239 -0.52253616 0.36382306 -0.49276093 0.75585693 -0.003034919 -0.21619572 -0.06269648 0.7356603 0.40900558 0.40998247 -0.56547797 -0.4110582 -0.48371598 0.1592477 -1.0666837 0.83145094 -0.3764843 -0.67571425 -1.0659407 0.17487377 0.8739169 -0.010075641 -0.33493462 -0.70735353 -0.79542327 -0.29827434 -0.25349078 0.5286455 -0.31279263 0.7106151 
1 0.14437519 0.3772898 0.5829531 0.25012568 0.11639835 -0.35466236 -0.07760938 -0.4262532 -0.1629694 0.5258082 0.20783852 0.08300694 -0.38790932 -0.08682089 0.23734471 0.843263 0.13842574 0.683339 -0.5698097 0.016110254 -0.3541964 0.60713506 -0.12822406 -0.19542466 0.7891074 -0.586217 0.16255778 0.18029495 -0.0877031 0.5327498 0.6224433 -1.0962058 1.5835037 -0.87709117 -0.12939909 -0.42620555 0.06329788 0.53897446 -0.50307995 0.17635019 -0.20895068 1.6075187 -0.49178794 1.1176453 -0.25097936 0.14545889 0.25845847 0.13352042 0.12718244 -0.036390554 -0.66341746 0.46467447 0.08379621 0.33114743 0.05191148 -0.07794913 -0.39906126 0.6970928 0.76119304 0.036500376 1.0782288 0.7638622 0.31070644 -0.7409691 0.13860679 1.4101005 -0.3724786 -0.123751804 -0.066010095 0.2670699 0.20379199 0.022059895 0.21225102 0.9591051 -0.77371 -0.40885335 0.19145076 -0.06904379 -0.6478284 0.17966288 0.37447008 0.16253805 0.21414371 -0.105170734 -0.33655775 0.91187936 -0.41739154 -0.20868883 -0.12577733 0.011785418 0.05400331 1.1241144 -0.32047167 -0.09875005 -0.36672425 -0.25669667 -0.2191022 -1.5153348 -1.4410015 -0.19819254 -0.90007037 0.45125407 0.88962394 -0.62702507 1.1733084 -0.680684 -0.06380109 -0.38902986 0.10250373 0.5836166 -0.41528198 0.29684123 0.08936062 -0.07744409 0.101707935 0.4870725 -0.65798503 0.16603753 0.638646 0.720929 -0.8255948 -0.24288055 0.25739872 -0.99640405 1.2310051 -1.4168596 -0.88592243 0.17486003 0.23456614 1.018405 -0.16367918 -0.5920523 0.6579333 0.19310099 1.956792 -0.78794545 -0.7120994 0.21205261 0.43916044 -0.28751987 -0.27819183 0.29842123 -0.07772186 -0.07124934 0.37618104 0.14753427 0.4676156 -1.3154784 0.41431236 1.1280375 -0.66242623 0.84354126 0.6575528 -0.93211937 0.8972524 -0.6092871 0.25875852 -0.17721188 0.4186646 0.78853166 1.3776712 0.30120817 -0.7753223 -1.6105283 0.89266014 0.89298534 1.033991 -0.4563883 -0.97477174 -0.5006678 1.3060634 0.013248491 0.37372068 -1.2837019 1.040385 -1.6847949 -1.5745264 0.23093542 -0.3666431 -0.64902455 0.6193062 -0.19387978 1.2050015 -0.2660141 1.2789844 -0.3915773 0.88889354 0.2440686 -0.5335474 -0.28593418 1.3374641 2.9222102 1.7741463 -1.3254576 0.7325549 -0.8834969 0.71 -0.0586598 -0.33153442 0.059583567 0.57101935 -1.3071767 0.6570009 -1.609993 -0.54605734 0.5183972 0.20118037 0.50358945 0.373173 -0.72019124 0.54509217 0.34838954 -0.520087 0.44971573 0.6286021 -0.49968457 1.7089803 2.2080002 -1.9934783 3.2775307 3.7428331 3.0108578 1.1441467 0.17026968 -0.7366955 -0.016735481 0.48321104 -0.29786685 -1.1599877 1.0624211 -1.5352552 -0.06638866 0.16748047 1.4256982 -0.12054128 -0.30523857 -0.09774793 0.055572316 -1.1800356 -1.5773884 -0.29923636 -0.8038881 1.236196 -1.2597202 -0.90673006 2.5225556 -1.5623106 3.2793822 -3.542806 -2.953629 0.7041235 0.8830348 -0.09210541 -0.027119473 -0.17481533 -0.56553894 -0.7583317 0.71765804 0.3690521 -1.076112 0.96370614 1.8467803 1.6383357 -1.5037861 -0.35428733 0.66996163 -2.6352754 -4.2220383 -2.4592848 1.950905 1.0270449 -0.14191163 0.0054032668 0.12313363 -0.81716466 -1.8695871 -3.0190003 3.6034985 -0.37034616 0.2807037 -0.06211231 0.1652879 -0.03685994 -0.33140856 -0.2730629 0.18238185 0.40662134 -1.1957374 1.4675862 2.8197625 1.9354888 -1.7842506 -0.91990733 -0.41236934 -1.8576027 1.9936552 -4.530458 -4.767245 -3.4106052 2.5670183 1.6124235 -2.9639974 -2.3711271 1.2755038 0.110133104 -1.1710216 0.0949756 0.20522027 0.49957955 -0.032231037 0.34898 -0.111294605 -0.17012699 -1.472322 -1.0736853 0.22607833 3.7474592 -1.0565245 -0.5505996 1.9010239 -0.8855377 -1.0418346 -0.55037826 -1.3888785 -2.9757454 2.321003 -3.1655965 7.886181 -6.9347672 -6.454599 -6.593613 -4.2951207 1.8249686 0.36533764 -0.47151795 0.43030205 -0.44602937 0.22378115 -0.1531785 0.30899096 -0.03578467 0.6006567 0.69768274 0.22955622 0.5171814 0.022246718 -1.3731395 -2.471275 -2.4041753 1.1613475 1.0056249 -0.84931874 1.8989562 1.3077363 0.92724735 -1.8660506 -3.9381957 3.9082704 7.408614 -5.056617 5.3211646 -0.16609612 -0.23228481 -0.9856939 -0.12954602 0.6733098 -1.1822872 -0.09248902 0.47755563 -0.05312156 -0.61135745 0.23574196 -0.15257065 1.9071068 1.9090828 2.2730815 1.4653096 -0.88605434 0.5671025 0.33234078 -1.5819129 -1.0695897 -0.56285495 0.2638098 -0.16656552 -3.0626025 -4.110657 -4.8261385 1.9665266 -0.15955316 0.02135276 -0.42244262 -0.30566365 0.015649894 -0.014778321 0.36872065 -0.19980744 0.22025487 0.9069867 -0.13901246 -0.84931684 -0.65397245 1.9034373 1.5389229 -0.67966676 -0.2464066 1.1746417 1.5033927 -1.6121544 0.86833864 0.6277542 -0.96804744 -1.0210811 -0.99227077 1.5016645 -3.8646166 -2.6286833 -0.6353519 -0.08531102 0.4680632 -0.103773415 -1.2117327 0.99420273 -0.48883814 -0.14101277 -1.4426858 1.333031 -1.5085402 0.43260714 0.09355729 0.043123752 1.8639253 1.6034052 -0.23420756 -0.7112926 0.7917741 -1.542276 0.91955996 0.5934769 0.11644056 -0.013181736 0.6126754 0.44364998 -1.6412185 0.581201 -0.8422904 -0.80758065 -0.06871901 -0.39245698 0.16651963 -0.4339011 0.7169043 -0.49574602 1.2645882 1.5229465 -1.8956733 -1.2705507 -1.2193569 -0.2844423 -0.09548031 1.0882592 0.74412036 -1.27715 1.2569247 0.47314107 0.41935486 -0.50826365 0.23586836 -1.3782951 0.23445234 0.4090389 0.8261414 -0.3319968 -0.6958845 -0.28304595 0.0045165922 0.15701798 -0.16376443 0.54491985 -0.07146457 0.10609905 -0.9691752 -1.3857405 -1.4445832 1.9505777 -2.005128 -2.9172232 1.1535788 0.9565089 1.0678527 1.3800744 0.17101534 -0.4907185 0.07037545 0.8450402 -0.06494383 -0.4288484 0.3595306 0.014346217 0.035822395 -0.32702762 -0.15934731 -0.4527191 -0.42946908 -0.016927062 -0.11114992 -0.43510205 0.0737068 -0.43107224 -0.07900915 -0.4195594 -0.41067925 -2.1452785 2.5017772 2.512353 4.0847425 1.3388425 -1.3693578 -0.41051844 -0.40697443 -0.43809363 0.728501 -0.27424097 -1.1201371 0.8025222 0.111935176 0.43559867 0.6486402 0.0059250365 -0.12310158 0.18064538 0.36219418 0.21698537 -0.5307573 0.117703676 -0.26011217 -0.34541646 0.059435517 -0.18786086 1.1719216 0.03434262 -0.389496 0.028096369 -0.48618785 1.2644742 -0.3048411 0.9498388 0.13217099 -0.7551622 -0.58651596 0.7365145 -0.34851125 0.17828818 -0.08657619 0.0010901516 -0.090980664 0.9895944 1.4275823 -0.62325406 0.37668288 -0.34947005 0.6236783 -0.48883373 -0.037283212 0.26192963 0.15785718 -0.7961611 2.201214 -1.2616731 -0.4481747 -1.2675606 0.620919 0.41680932 0.13641198 0.3579502 0.62920266 -0.11013386 1.1247536 0.028573975 -0.2402211 0.98914903 -0.12445651 -0.5465739 -0.5509708 -0.89021647 0.10873857 0.6032984 -0.0056083943 0.1249959 0.8223536 -0.019133033 0.5035996 0.24578537 -0.13015456 -1.164011 1.9231677 1.033866 -1.5127485 -1.529372 1.2973174 1.1193763 0.17474091 0.010191612 0.6383916 -0.0842243 0.061108302 0.1922841 -0.27266818 -0.1993752 0.46681374 0.9299424 1.4331043 -0.25211608 1.0570049 0.5351001 -0.40015993 -0.17223431 -0.51208466 0.5824421 -0.33006287 0.07456002 -0.97363377 -0.4001834 0.32073668 1.4672445 1.5664635 -0.44353005 0.0636722 -1.3109756 -0.17020954 0.7988065 -0.050810564 1.0312331 -0.47449082 0.2999739 0.09352916 -0.98455477 0.7291255 -0.26624602 -0.110517584 -0.8387655 -0.018822063 -0.20108263 0.67024773 -0.2063475 -0.31885198 0.9856363 -0.1573516 0.2593403 0.15293609 -0.109164484 -0.18128185 -0.52285373 -0.6345046 0.7079766 2.1273804 0.6207791 -0.47383276 1.1894749 -1.3321066 -0.2900237 -0.11244887 -0.22396255 0.45374894 0.8370761 1.4057624 0.68374974 0.2297843 -0.296162 -0.6052143 -0.18441842 -0.11052042 1.2752362 0.17935759 1.1128542 -0.2971632 0.35043344 0.013429971 -0.5777844 0.28278196 -0.05553176 -0.095650405 -0.36784068 0.14032699 -0.56035024 -0.439003 -0.8482319 0.1657803 -0.16083775 0.07466304 -0.004750815 0.1322688 0.60979134 0.8294438 -0.12480483 0.7475952 -0.10694716 0.48989907 -0.038643528 0.6616915 0.47805166 -0.42523772 -0.13413715 -1.2961644 -0.034557197 0.46961945 -0.8224598 -0.33525637 -0.6045088 0.5972865 0.3920826 -0.23186533 0.4053729 1.1261141 0.463545 0.5291605 0.44213971 -0.9001603 0.23571639 -0.444337 0.63883674 0.000030026284 -0.74640816 -0.3893549 -0.33261952 0.19041441 -0.4529855 -0.07130858 -0.6090979 -0.416599 1.1136397 -0.06826693 -0.73063403 -0.4448145 -0.19523697 -0.3095701 -0.50452536 -0.03054243 -0.009104078 -0.8086959 -0.4648027 0.54375666 0.25439686 -0.101809196 -0.08069868 0.47479886 -0.36418834 -0.21843316 -0.060471322 -0.319371 -0.022115963 0.7623909 -0.40736324 -0.55476296 0.35720322 -0.028489044 0.45347658 0.38423142 -0.32820296 0.0108937705 -0.026213123 -0.3461204 -0.31792066 1.0699407 -0.28459367 -0.29029682 0.09498443 -0.30026966 -0.27643916 -0.09001434 0.09455228 0.0898916 -0.46627674 0.13574632 -0.15139943 0.13124809 0.2852594 -0.14448565 -0.44752192 0.39510792 0.2701603 -0.25749603 -0.19828652 0.86249214 
1 -0.2980273 -0.7416523 -0.20574251 -0.21054 -0.048457317 -0.72241396 -0.23840126 -0.5928819 -0.43960387 0.05747173 0.121536575 -0.9384996 0.026178584 -0.32081863 -0.021672018 -0.2903346 -0.32084173 0.27458173 0.27511096 -0.34783638 -0.30999982 0.23734164 0.0086058285 -0.03181836 0.5029651 0.4887167 0.08112585 -0.4089898 0.16428548 -0.5660706 -0.48543367 -0.2651113 0.41710088 -0.44617516 -0.39829528 -0.5327918 -0.4040061 -0.06993076 -0.16493829 -1.1864225 0.0010971574 -0.20186435 -0.81170106 -0.64880776 0.5368896 -0.17126194 -0.11345671 0.81553376 -0.47151303 -0.007105244 0.5478948 -0.49828836 -0.107106455 0.3675044 -0.6595455 0.33312255 -0.047033902 0.33539063 -0.021029353 0.28378236 0.3993449 0.041344363 0.59352094 -0.24454002 -0.1983484 0.06423685 -0.7372024 0.99407643 0.60277814 -0.49949574 -0.99491525 0.9465215 1.5027907 0.32073072 0.5672839 1.5823756 -0.42038327 0.15286215 -1.1537294 0.07244289 -0.2625588 -0.70431536 0.21144412 -0.15545805 0.5207504 -0.023309045 -0.45269948 0.2504291 -0.015963746 -0.42382526 -0.014318726 -0.14587373 -0.31025994 -0.2591146 -0.6583693 0.1265016 0.13347368 0.36323595 0.36399803 0.41700855 0.74961954 -1.735061 -0.9974437 1.8854977 -2.0551925 1.911408 1.1549182 1.317634 0.4696942 -0.12265794 -0.41931242 0.04877245 -0.3202871 -0.84061235 0.51944804 0.1029144 -0.18705833 0.046828594 -0.18274724 0.11106888 0.0437631 -0.12716152 0.2767356 0.07839738 0.43124616 -0.3929338 0.4298689 0.25384924 0.0146046765 1.0001527 -1.052825 1.9314334 -1.4477136 -0.9438362 0.9252023 -0.7508157 -0.22764894 0.3304801 0.44043452 -0.60837674 -0.32619837 -0.45508796 0.18469305 0.50533444 -0.2298791 0.47649458 0.025463909 0.12351792 0.73279196 1.2275503 -0.43041766 0.93225765 0.7124401 -0.31529137 1.5105932 -0.733738 0.048804216 1.0546998 0.1022195 0.26382068 0.40601414 -0.18766566 -0.09714273 -0.22772579 -0.5543994 -0.016472882 0.44681695 0.32690883 -0.07137021 -0.5502222 -0.7043869 0.37777466 -0.8042785 -0.09842832 0.5099905 -0.21485114 -0.36325282 0.17114528 0.7052849 0.18889609 -0.8004187 1.0314003 0.74428666 -0.999784 0.3990537 -0.20854777 -0.38849854 0.17906183 0.50713426 1.0834469 -0.8959207 -1.3966848 0.30890286 -0.06703466 0.27157992 0.5025926 0.4108701 -0.27647427 -0.2685543 -0.33034572 0.1871776 -1.307017 0.29542613 -0.521004 -0.846374 0.5986445 -0.19961767 1.1562576 0.4067625 -0.70439136 0.73818535 1.0678005 0.15409847 -2.095351 1.9420948 2.0238621 -2.7168741 -3.4369452 1.4313482 -1.6687526 -2.3736744 -0.9904662 0.16590342 -0.78396016 -1.0000947 -0.12475653 -0.3790548 0.22595443 -1.2789079 0.90031374 -0.4233909 0.45046768 -0.43804026 -0.6027079 -0.7817339 0.62583876 0.5275336 0.96433824 -1.6021236 -1.4576837 -2.5941887 2.519108 -1.4714758 2.0781865 3.0123956 -1.8992761 3.1145577 -1.8699316 1.6638037 0.71708405 -0.25049505 -0.5229648 -0.20020723 -0.79501885 0.42507482 -0.3558333 0.13577779 0.55930823 0.8972558 0.5217193 -0.47602633 -0.5176205 -1.284075 -0.005552909 0.17338386 -0.3978409 -0.24602284 -1.8975779 -2.7324145 2.0456457 1.971015 -3.0960996 -1.9049368 1.7315366 0.865364 0.8678804 1.3038865 -1.171044 -0.56003356 0.21630843 0.085231826 -0.15707503 -0.43930933 0.25704163 -0.79438007 -0.3558364 -0.71437615 -0.2928816 1.3754644 -0.2981749 -0.58574957 0.7308588 -0.12904926 -1.5080165 -0.68050396 1.8769449 -1.6858777 -2.0127125 -2.5451438 1.5783795 0.07823083 -1.4847327 -0.56269306 -0.3012478 -0.74915904 0.7278395 -0.35706845 0.5007353 0.1534796 -0.39871544 -0.21006411 -0.59855354 0.75768495 0.4062002 -0.2798305 0.7779653 0.14105114 -0.2502548 -0.6543207 -0.4235138 -0.78587055 0.043686572 -1.403412 -1.6990055 -2.0020719 1.6021081 -1.0195456 -0.24309117 0.5327502 0.96013546 -0.12156909 0.35329708 0.06843232 1.3719203 0.096985586 -1.0495006 -0.33431718 -0.3484805 -0.69294655 -0.64249533 -0.7244781 0.007512952 0.13923895 0.92612904 -0.27685785 0.15058573 0.21419322 -1.1370871 -0.8315969 1.2071906 0.35394046 -0.8806926 -0.17959349 0.5129611 -0.5533062 0.82253796 0.06333328 0.047321334 -2.2372193 2.0230913 -2.1816902 -0.9986094 0.56631446 -0.3139646 0.09601421 -0.95661306 0.7327084 -0.42334324 0.10186554 0.22920233 0.08819674 0.37243485 -0.53053993 0.658435 0.8821518 1.8143969 1.5002064 -0.74124193 -0.12625359 -0.14433451 0.69172037 0.8085421 -0.4977959 0.013439202 0.5262252 1.0631018 1.9347922 1.9969312 -1.0152911 -0.15514141 0.159756 -0.03013611 -0.6827168 -0.07230172 0.13410378 -0.8939348 0.23217867 -0.2841811 -0.74150807 -0.3928763 -0.858742 -1.1602253 1.6889063 1.8503016 -0.98111117 2.236914 -0.3847559 -1.8546076 1.5152229 -0.62044793 0.07294268 0.579441 0.12363051 1.6495829 -0.9703075 2.4584744 1.0334016 0.5387253 -0.8378081 -0.3898612 -0.6325199 0.36534095 0.52330744 -0.47371832 -0.23644364 -0.85731107 -0.41462144 -0.22770225 -0.37550876 -1.506963 2.356156 1.9166977 0.28295508 -0.7640246 -0.09271195 -1.1164193 0.73706114 0.6451075 0.38295868 0.9650747 0.35747406 -0.54307604 -1.5164566 0.40466943 0.23794577 0.58091533 -0.119403735 0.11016669 -0.24598311 -0.29642498 0.22358759 0.27312815 -0.163784 1.0204818 -0.83326024 0.16969156 0.31313404 0.90353066 2.0247471 1.4962658 1.6586223 -0.059556395 1.229724 -0.9699731 1.1341252 -0.086606346 -0.068572134 0.5755265 0.8797754 -0.46613637 0.036768522 -0.3258973 -0.22382103 0.5177871 -0.03777417 0.5400281 -0.07134942 -0.20223357 -0.21949159 -0.47360635 0.6324582 -0.8278095 -0.6819283 -0.5163871 -0.36864924 1.609569 1.1037079 -1.176255 -1.2553376 -0.23541634 -0.6179941 -0.6792299 -0.41903734 -0.25371385 0.6789767 0.19697101 0.3404695 0.59194374 -0.14568128 -0.34240448 -0.804097 -0.08112426 -0.11725448 0.5286395 -0.5080265 0.34211385 -1.0897418 0.103708014 1.2913533 0.95051306 0.19727984 -0.58274066 0.58558923 -0.66352296 -1.350518 -2.8782609 -0.5828391 0.14053358 0.32595965 -0.44684973 0.76788044 0.46756735 -1.3770056 1.3720448 -1.0004003 0.3477091 0.63951176 -0.48741877 -1.1117694 -0.9085705 -0.38511953 -0.3028411 -0.10295125 -0.4643586 0.32904983 0.1677204 0.4970995 -2.0119605 0.9462821 -1.1387233 0.10201788 -0.64439636 -2.2076108 -3.003867 2.5208104 1.5563803 -1.3370969 0.045346867 0.6144706 -1.5833014 -1.3312268 0.16766082 -0.4441167 0.19302571 -0.8102604 0.14550173 -1.4222965 -0.25499132 -1.1047903 -0.04934014 0.09632664 -0.56433815 -0.29724663 0.18254316 0.9038541 -2.2946086 0.9449684 -0.96347404 0.3637069 -0.1603938 -1.5703875 3.1802778 3.751331 3.3804526 2.2309377 -3.2190547 -2.2318394 -0.27504563 -0.9508092 -0.107463315 0.037190538 0.70057726 0.99434996 0.3894296 0.43717542 -0.67245454 0.97738737 0.83701855 0.5959855 -0.45333305 -0.28671658 -0.067096524 0.07096959 -1.6756732 -1.6433029 -2.1031256 -1.0191019 0.6148479 -0.044632982 1.903319 4.18844 4.7533717 3.9738033 3.5107553 -0.11438144 -1.8344622 0.8010594 -0.504027 1.1676798 -0.80377334 -1.9981837 -0.9935193 -0.052073 0.35342264 -0.15832205 0.42557105 -0.45226336 -0.65246964 -0.5367755 -0.8037736 -0.60628724 -0.10815963 -1.3825977 -0.95188034 -1.4748518 0.13205405 0.15576579 1.1356828 -0.19331792 -0.39966092 -0.33672994 -0.9351984 -0.6019939 0.4667595 0.20135947 -0.6010247 1.0563251 -0.79339033 0.28678775 0.1973783 -0.5970583 0.28923756 0.72267413 -0.35413748 -0.28034535 -0.45955145 -0.6253958 -0.45993248 0.5633024 0.26779792 -0.22972412 -0.63360226 0.36672133 0.9502231 -1.7904435 -1.5083071 -2.20757 1.4879069 -1.7987714 1.3040146 0.90904415 0.5121603 0.33162707 -0.9765095 0.5608047 -0.7553757 -0.027002035 0.6230088 0.5016695 -0.044678275 0.1537931 -0.3586899 0.08792333 0.5536312 -0.29428142 0.4602013 0.016114483 -0.015817767 0.357221 -0.19312862 0.46873167 0.1886722 -0.23599252 0.76554966 0.7993698 -0.50890213 0.36992228 -0.43219915 1.4340309 0.6682461 -0.15905094 -0.25198072 -0.42584762 -0.5407334 -0.07238272 0.07183609 -0.71653503 -0.07512751 0.1753263 0.7202374 0.14230393 -0.17795403 0.07049776 0.22546662 0.69024056 -0.11972296 0.06467839 -0.04986142 0.2982088 0.13154237 -0.36013734 -0.28438464 0.171798 -0.2536883 -0.5340288 0.026449217 -0.65808254 -0.2537742 0.21313924 -0.37709066 -0.15215246 -0.17685305 0.7546004 -0.24086726 -0.11744872 0.52714986 -0.3638488 -0.26291612 -0.3150105 -0.48958522 0.82396287 -0.44752452 -0.43101367 -0.34574252 -0.568866 -0.119755946 -0.08045091 0.6104186 -0.1351578 0.8785642 -0.6180461 0.11076019 -0.89813435 -0.6299471 -0.16137172 0.09466522 -0.107054584 -0.31072918 0.3891502 -0.94469804 -0.628077 -0.33041427 -0.7780384 -0.11829099 0.1771924 -0.14940369 0.13996696 0.07042393 -0.63283336 0.23319001 -0.6621419 0.041191183 -0.25664738 0.091236256 0.03752145 -0.9954916 -0.39601943 -0.82664263 0.5680015 0.31178924 -0.4082664 -0.10239275 -0.8360835 0.26247057 0.11676861 -0.48309442 0.050680805 -0.1146537 -0.2013527 -0.00951535 -0.5855451 -0.13926336 -0.82267547 0.66802275 
1 0.32523096 -0.049099267 0.08540679 0.01304973 0.09883853 -0.44914654 0.81328785 -0.029970787 -0.49565604 -0.2612593 -0.20303346 -0.83989996 0.07787272 -0.5199016 0.4811934 -0.4788999 -0.15157521 0.5149531 -0.09457741 0.11482845 -0.22517754 0.6369967 -0.91836697 0.35774294 0.2689779 -0.8413831 -0.002809265 -0.07888913 -0.4350685 0.28639966 -0.042563602 0.6036915 0.9496353 -0.36498773 -0.4898698 -0.22946529 -0.6424233 -0.36054766 -0.12525564 0.52930677 -0.051316068 0.39944986 -0.15715167 0.4703614 0.81318444 0.1574391 -0.085107826 0.49803245 -0.18500473 0.016333893 -0.63055366 0.08008654 -0.15604055 0.20412995 0.21275367 -0.04526775 -0.51516026 -0.37739947 0.5594234 0.16133434 -0.020059379 -0.740407 0.62672085 0.1441189 -0.6098865 -0.256111 -0.17618494 0.47520226 0.21582428 0.033019003 -0.86073583 0.38101608 -0.024594817 0.62043184 0.003931576 -0.60647875 -0.90725833 -0.544572 -0.62596744 -0.57754344 0.42565647 0.23077142 0.94181615 -0.58289164 0.1229002 0.92002726 -0.63730776 -0.9098849 0.0515281 -0.04638859 -0.48614833 -0.09176913 -0.4360187 0.3808324 0.35270932 0.8105869 0.74720556 0.12350838 -0.06362027 0.11111099 0.0073447707 -0.53880274 0.16837817 0.28374854 -0.71326685 0.5872462 -0.008284886 0.6191951 -0.051918034 0.76187646 -0.5506904 0.69903916 0.14711778 -0.29318997 -0.061977804 -0.22059323 -0.2285038 0.3154636 0.41644856 -0.16804744 0.1604772 -0.131804 0.54108286 -0.091701165 0.14043233 -0.3562566 -0.80628383 0.8301866 0.45488462 -0.14440553 -0.4260044 -0.96331275 0.22422563 0.34904772 0.3870444 -0.06955736 -0.18167427 0.0444321 0.28918615 -0.6151591 -0.876371 0.009590282 -0.4986567 -0.29952502 -0.4015171 0.20193025 -0.2727298 -1.4383074 0.25012022 1.7636834 -1.2557223 1.350759 1.4881284 -2.5814502 1.4046935 -2.4961958 1.890086 3.735431 -2.8171234 -1.8546878 -1.5935334 -0.8452409 -0.009607883 0.35170513 0.08949585 0.011302565 -0.31639323 -0.13799416 -0.23963699 -0.71020585 -0.0045755324 -0.80472 0.09598442 0.7992996 0.33378735 0.13886932 0.2694556 0.18351968 -0.45408127 0.011584592 -0.3266363 0.46598876 0.7311772 -0.8229307 -0.5667766 0.058391444 -0.576937 0.09690729 0.3631688 0.40195715 0.03544778 -1.007455 0.24943042 0.6659096 -0.32215732 0.30205694 -0.49826872 0.53958243 -0.9721587 -0.4864004 0.10620685 0.50367403 -0.8207008 1.1656858 1.8740714 -1.6067142 2.0911436 -1.5323422 -0.031084368 -0.7611723 0.95364785 1.1972619 0.53902555 -0.72489667 -0.36288193 -0.66189975 0.5982053 0.9935501 -0.93072504 -0.28873414 -0.8005557 -1.1054206 0.61000925 -0.37140033 -0.35062322 -0.53823423 1.0764608 1.0112123 1.8558708 -0.24512628 0.13111866 -1.8858218 0.8033231 2.1843255 1.4101847 -0.44371355 -0.9941679 -1.3975612 0.7349431 0.5597128 -0.075321525 -0.7132272 -0.2692425 -0.06067702 -0.93507016 0.5733359 -0.3237777 -0.21024704 -0.04282335 0.61229366 0.09752324 0.20105854 -0.46409562 0.043018825 0.61556655 -0.8019202 1.5814203 -0.5216835 -0.41861215 -1.5852222 1.1300148 1.0786597 0.94781727 -1.1732684 1.0678242 -1.7623423 2.320467 2.7596877 3.7940657 -3.415675 -0.6518321 0.33070928 0.8916023 -0.38398537 -0.27897888 -0.2014491 -0.06781788 -0.40751952 -0.4335468 0.32741883 0.8967937 -0.078173906 -0.9144635 -1.0356473 0.83910674 0.20964265 -0.078648545 0.04684703 -1.3216034 -0.47847843 0.2573692 0.16485229 -1.6297773 1.7599717 2.2748754 -2.516738 2.4163127 2.2353978 1.5912802 -0.7803781 -0.54486626 1.0258976 0.52077717 -0.4673089 -0.3812379 0.17114206 -0.03230549 -0.42317033 0.3622428 0.1396049 1.2630304 -1.229237 -0.7571105 0.06714457 -0.18066245 -0.58109003 0.066578194 -0.26947597 0.7187262 -0.086063795 0.19785784 -0.90729713 0.68224007 1.6860176 2.5108058 -1.8162955 1.7322105 -1.0418863 -0.44148186 0.15599687 0.35188273 -0.3293825 0.99104697 1.1429734 -0.43944794 0.25893462 0.9535295 0.09637173 -0.7523362 0.3039921 0.7219528 -0.90442437 -0.42220828 -0.12616026 -1.000112 0.5023208 1.2843251 0.80448294 2.3812356 -3.6369298 -2.984037 -0.70528734 -0.8569584 -1.7347629 -0.5579754 -1.0857788 -0.60340804 0.39459008 0.48769316 -0.018699137 0.6333521 -0.33536208 0.6923363 0.24011135 0.26576152 -0.22611979 -0.8492287 1.3208323 -0.6222716 0.057930388 -1.055949 -0.53953594 0.31555006 -1.3567799 -1.8176919 -1.4768932 -4.797678 5.326127 -1.9872229 -1.398795 -0.17841059 -0.87592757 0.2251432 -0.6289638 -0.03181087 -0.21442741 -0.77310854 -0.53739214 0.88534194 0.15438095 -0.13879372 0.21340223 0.10311076 -0.52909285 0.35206494 0.32912952 -0.6990729 -0.5055635 0.525217 0.65495956 0.39474833 2.0155396 -1.7353218 -3.0145915 2.9356503 4.342363 1.0360686 0.156594 0.22510083 0.43810055 -0.5608398 -1.4511777 1.4035399 0.6760911 -0.43205583 0.17272833 -0.5294849 -0.9514553 0.52703685 -0.110939264 -0.3308996 -0.31911308 -0.10911183 -0.0772191 -0.24834903 -0.45703918 0.24802116 -1.5012522 0.7656848 0.6131838 -2.893677 -3.990946 -3.4579272 2.0209143 -0.95912796 1.1639724 0.7731077 -1.5946743 -1.2100754 0.8816673 1.3107474 -0.5808324 -0.44608262 0.9682071 -0.8614728 0.70722294 -0.43010566 -0.59640205 -0.66390955 0.6017547 -0.050845873 0.12836288 0.13883507 0.8362092 0.0971981 -0.9435892 -1.6180959 -2.0739086 -2.5378964 -4.1407876 -3.3342059 1.2767625 -0.801145 -0.40160555 -0.23432253 -1.060351 1.2606788 2.1857746 0.6118227 -0.51154685 -0.3304678 0.32619652 -0.2130378 -0.4871047 -0.21469069 -0.07206629 0.07727283 -0.18614204 0.115300834 -0.72613746 0.07506333 -1.0537789 -0.16990581 -0.42480865 1.1793494 -2.6316867 -3.4341793 1.8068743 1.4314809 0.32344627 0.54242516 0.29343787 0.38760975 0.45244268 0.8728686 0.66036266 0.34270054 -0.1160022 0.2835267 0.165841 -0.012762536 -0.32084936 0.2774289 1.3204173 -0.047114246 -0.8894948 -1.1230799 -0.6360011 0.37798217 0.9359212 1.646441 -1.090814 -0.6726673 1.6535785 0.96744984 0.32290387 -0.17792696 0.5106123 -0.6636078 -0.15680471 -1.3942446 -1.1030227 -0.73570436 -0.53955424 0.16066536 1.4209124 0.25420338 0.0765304 -0.12250554 -0.52821374 1.4041197 -0.46195027 0.2774831 -0.69958425 1.4431037 0.1849851 1.2809318 -1.5542902 1.1813006 -1.0361725 1.189485 -0.051441114 -0.062836744 0.60310835 0.95092386 -0.08700526 -0.19463637 -1.8038493 -1.9323269 0.8552023 1.3823782 -0.9368697 -2.1345406 1.302874 -0.983766 0.9269455 0.7288056 0.39740294 -0.120754495 0.37983918 -0.6891407 -0.15043713 0.2969868 -0.47041348 0.33726895 -0.70982134 2.2352445 -1.8356156 2.321109 1.0670547 0.6173977 0.1829245 0.09451804 0.52981067 -0.32539567 1.370594 1.4228364 1.5371591 1.3649758 1.9648606 -2.0559835 1.6430824 0.5489734 1.2535704 0.13676022 0.42909747 -0.40158263 0.38242453 0.5537233 0.38963193 0.19279419 -0.3775495 -0.73676574 -1.1355385 -1.7366573 -1.3293099 -1.0116935 0.11391529 0.2095064 -0.90223074 0.76894003 0.16255814 -0.44229537 -1.6021992 -0.662612 0.66860586 -2.1548398 1.3682609 1.1109824 -0.3367346 -0.7398741 -0.18487732 -0.16056192 -0.57220864 0.32183307 0.06815164 0.5738992 0.17737053 -0.026986672 0.23733743 0.023017222 -1.0491291 -0.9314822 -0.13883106 -0.9504831 -0.46133867 0.15376213 0.047966685 0.6741571 0.30181527 -0.10990356 -0.7445882 -0.33456385 1.378777 1.6573861 1.4779345 1.0461622 -1.002685 0.40838805 0.78500015 -0.7170781 0.89734083 0.11863432 0.13071883 -0.06419395 -0.30909193 0.3623903 -0.016731843 0.16777694 -0.020173438 0.3564937 1.0649346 -0.024798673 -0.0111428825 -0.32466426 -1.5502551 0.5006023 0.3673388 0.003496566 0.40132773 0.049122855 0.48965552 0.3706456 -0.89392793 -0.8886961 -1.1526266 -0.92058665 -0.87888676 0.30740568 0.20616385 0.6192032 -0.93204933 0.021217082 0.5579837 1.1046437 0.24742192 0.5289841 1.7467338 0.4005247 -1.1491399 -0.25550696 -0.12633035 0.37715995 0.060561083 -0.032711133 0.29364443 -0.508678 1.3649503 -0.8548207 -0.8054072 -0.6230201 0.6945723 -1.1676767 0.61868554 -0.3112297 0.29173094 0.15492935 -0.14194782 -0.6169217 0.14095174 -0.0051741675 0.27398756 0.2607383 0.18644974 0.7951563 0.12306493 -0.19906753 -0.7465903 -1.4534827 -1.3474512 -1.1907159 1.7513199 2.2364151 1.3769932 -1.9454185 1.7798959 2.3317196 1.065662 -0.45968136 -0.17899838 0.44130188 -0.98379576 0.0564859 0.20118093 -0.7741056 0.14113568 -0.3325142 0.7420366 0.32544965 -0.6348071 0.31318867 0.11445667 -0.54424435 -0.7169393 -0.043542195 -0.48673707 0.4717695 0.37072557 -0.16241111 0.88838583 -0.7285149 -0.26614344 0.90692645 -0.45739448 1.4789305 -0.5958475 -0.8063976 1.1542962 0.007114382 0.60294193 -0.27329874 0.47997543 0.043082654 0.18598832 0.14616416 -0.09173392 0.35750797 -0.04636381 -1.1312938 -0.3448254 -0.36017784 0.34809774 0.579099 0.12423266 -0.19387807 -0.2685992 -0.37830648 -0.6557425 0.2772498 0.28462043 -1.0896504 0.44227314 -0.48430187 0.73329455 1.2779202 0.010183729 -0.9304895 -0.82462347 -0.27504608 -0.41887742 -0.7589646 0.668614 -0.3555605 0.67047 
1 0.91892964 -0.74043554 -1.8136461 1.0817784 -0.24431488 0.43145737 -0.28454107 0.9139043 0.17649475 0.45956492 0.5685629 0.059300408 0.1448444 -0.7791235 0.25634915 -0.87536937 0.2280398 0.12852581 -0.16999339 0.3459895 0.47026357 -0.9808046 0.1179055 -0.38083422 -0.15251696 -0.016243408 0.52905375 0.13139182 0.28776395 0.35638455 0.701279 -0.029327959 -0.33374655 0.7458055 0.030186748 0.7143343 0.6255642 -0.16606247 -0.6947212 -0.34025556 0.7968144 -0.22028436 -0.54217106 -0.3946166 0.18297689 -0.11885916 -0.19550325 0.3942571 -0.08492545 -1.212216 -0.20257874 -0.16721651 0.39015758 -0.025988271 0.16327932 -0.2024443 -0.43178335 0.32307532 0.039101478 -0.33903554 -0.034021236 0.29741764 -0.26277295 0.19706705 0.06521007 0.21577486 -0.9597109 -0.058265306 -0.8961656 -0.3110859 0.7123374 -0.06591208 -0.76287836 -0.053837433 -0.16737777 0.77202106 0.40721822 -0.24829917 0.2759085 -0.8322112 0.3787593 0.16983739 1.043878 -1.2653273 -1.2037864 0.4146447 0.63110065 0.25583154 -0.83070916 -0.41849017 0.12888287 -0.71824425 0.61471915 0.47010815 -0.09072098 0.33432528 -0.47282737 -0.45726612 -1.298502 -0.05113977 -0.7293637 0.8194437 -0.2559411 -0.72765416 -0.74298006 0.32053065 0.038536157 0.8350402 -0.64052695 -0.6823586 0.1989313 -0.941922 -0.2688503 -0.32096833 -0.14446984 0.3035419 -0.1991633 -1.076616 -0.10289823 0.41926482 -0.7927166 -0.029774914 0.42825505 -0.110025 -0.30715606 -0.5217609 -1.3929787 0.51243925 0.5089765 -0.62781155 0.6678748 -1.1896304 0.52665627 0.061280765 0.6257418 0.20344013 -0.0950826 -0.41985828 0.853087 -0.42784706 0.23322225 -0.42250183 -0.42403013 -0.23415057 0.1771758 0.29385498 0.75294626 -1.2806903 1.0686854 1.6880586 -1.3502187 -0.3401245 -0.9465942 0.355455 -0.37291193 1.7896595 -2.6098852 -0.13303924 0.9518657 0.6938776 0.3828327 0.18695398 -0.36280185 0.20543264 -0.027931402 0.34397015 -0.8203747 -0.112896055 -0.026917012 0.7303475 -0.09995257 0.15445627 -0.4481685 0.24340299 0.34107962 -0.21478704 -1.6364747 0.37424093 1.2226399 -0.3335791 0.6301959 -1.3467307 -3.3212721 2.5493805 -3.0530672 -1.2156641 1.2824308 0.17302309 -0.32376793 -0.13628209 -0.94859993 -0.4775556 -0.032011125 0.34641623 -0.14065172 0.12769073 -0.49705768 -0.55404836 0.037408974 0.13994968 -0.15134077 0.2004939 1.1163042 -1.0912411 0.06310129 0.17104693 -0.28065464 0.14854307 -1.1077933 0.70999193 0.07851926 0.56695384 0.38272858 1.3769035 2.180753 0.81223017 -0.24106325 -0.13764673 -0.17035407 0.5829843 0.100418024 0.71401465 0.2629313 -0.24235511 0.79871285 0.36469057 -0.55218035 -1.0429928 -0.06340515 -0.027987462 -0.39435595 0.03643071 0.058024496 0.6309922 0.7742753 -0.7382012 -0.97673136 0.6846678 -3.0759852 -2.7919343 -2.3177032 0.27947235 1.0328571 -1.0980687 0.0073406063 -1.115433 -1.8155085 0.9040567 -1.0944842 -0.21809322 0.39293918 1.1188881 -0.34557202 -0.3915123 -0.3953134 0.7440542 -0.20421205 0.56125 -0.5539714 -2.120752 1.2522112 1.878593 1.4071417 -1.2093205 1.4609058 0.5112735 -1.861987 -1.2714757 -2.1216838 0.5293182 -0.25762382 1.2557129 1.6583855 -0.74620295 -0.83741856 -1.7404655 -1.1318319 0.3011687 0.9684037 -0.4857507 0.3596124 0.8238439 -0.21020252 -0.42425862 0.5031527 -0.35249883 0.22240119 -1.4302856 3.181642 1.2701341 2.2644258 -2.75712 -1.5725933 0.36754677 -0.48881787 0.9435565 -1.4262607 -0.63765997 1.6190777 -1.7151078 -1.6641827 1.3300524 2.0159721 -1.3428104 1.181251 -0.82110924 1.0255318 0.04524311 -0.46995908 0.28215644 0.17423546 -0.6051358 0.3706808 -1.2051021 -1.2880025 0.83335423 2.4426105 -1.6239352 -1.4185727 1.4109888 -1.4307637 -2.272438 2.2303483 0.5655932 -0.81733334 -1.2330768 1.3715658 0.3503607 1.2110243 2.1602802 3.0808449 1.5629557 -0.3987668 -1.4478335 0.07706061 -0.25515214 0.225212 0.13344839 0.13826168 -0.5310153 -0.06495105 0.88938206 0.7603769 2.3029327 0.7180807 -0.29389408 -0.47285715 -2.6728833 -2.5311666 3.3036938 1.5506529 0.3572917 0.3899569 -2.1944206 -1.0083308 0.45524526 2.17345 -0.6335422 -1.6217645 1.2459925 -1.0089796 -0.71737045 0.32770184 -0.19026639 -0.36352068 -0.81883055 0.9906948 0.45024797 -0.98020595 -0.15363252 -0.16477795 -0.13839558 0.4714364 -1.5139215 -0.116000436 1.9784673 2.9829204 -2.2999196 0.69175076 1.5161339 2.812594 0.6137742 -0.39847267 -0.26663315 0.14365953 -1.0606736 0.62164706 0.33373672 -0.54237664 -0.43214574 0.059557136 0.060297873 0.6561186 -0.17267892 -0.41166595 0.6905712 0.43390524 -1.474704 0.20096876 2.3981779 1.3320843 1.312619 -1.0048295 0.96461344 -1.9508175 -4.1031466 -3.7034056 -3.028193 1.4304338 -0.7793442 -1.5607333 1.3451923 -1.7077407 -0.19424601 0.79080737 -1.1664405 -0.33287978 -0.4043171 -0.17936537 -0.4126829 -0.3588759 0.6151846 0.11688607 0.48335686 -0.8282653 -1.7251024 1.380322 -1.9081458 1.6681193 1.0594363 -0.071211666 0.075222254 2.406033 -3.3781388 1.7930489 -2.4086483 0.19276702 0.5646498 1.5885969 -2.4189243 -1.6493082 -0.09559929 0.3786963 -0.9316876 0.06178231 -0.31706914 0.29571393 0.26551053 0.30772722 -0.5521671 -0.05667136 -1.3322366 0.6110772 0.44583791 1.4505653 -0.4628991 -1.0671759 0.2637399 0.6210474 0.9754771 3.0337732 -1.9338803 0.39529818 -0.7081035 0.01385739 0.80829585 -2.6184359 -2.6335692 -0.9937977 0.7681778 0.5322825 1.2318126 -1.3831607 -0.11600134 0.7317111 0.89840454 0.010280388 -0.70694464 -0.052647807 -0.784021 0.7596241 -1.3582716 -0.93892854 -0.3075549 -0.6625589 0.14990748 1.2186017 -3.952064 -3.857796 -0.5856014 1.0880305 -0.6217758 0.49589813 0.016052496 -1.01781 -1.1347697 0.26830637 0.43593863 0.3979375 0.41988748 -0.66168374 -0.121974915 0.1943236 -0.22349565 -0.14778806 0.22001217 -0.26492307 0.5267748 0.61148804 1.2063113 0.55475557 0.04060793 2.3442507 -1.74702 -3.291853 -2.6803164 -1.2811759 0.63304424 1.5125548 0.9038489 -0.045549065 -1.2773561 1.6233051 -0.47935137 0.9934278 -0.41029575 -0.39356548 -0.7970884 -1.4819568 -0.5169623 -0.6824757 -0.060980015 -0.13750918 0.59972155 0.44464868 0.3867149 0.44148517 -0.64963347 0.06464501 0.36559653 -1.0635344 -1.8716244 -1.9306438 -1.9361608 -0.56081104 -1.2086196 0.45473883 -0.9580652 0.18676843 -0.91457427 0.43599984 -1.3763818 -1.0885541 0.07167356 -0.57011455 -0.3872958 -0.43600872 -0.15859713 0.3283839 0.32493666 0.22280572 -0.920837 -0.23746991 0.2994467 0.40759808 -0.2142469 -0.16997056 1.1202102 -0.07473991 -0.4086955 0.5590876 -0.793583 -2.1718812 -1.8894963 -3.6391103 2.5826724 1.489748 0.56441253 1.2286522 0.72752184 -1.1692133 0.16430955 1.16507 1.3810304 -0.74589187 0.42303038 -0.082198374 -0.13741745 -0.17200245 -0.13826056 0.5219845 -0.5717961 -1.4325916 -0.13934682 -0.24651599 -0.33508295 0.18655181 -0.12886243 -0.51359254 0.49084482 -0.56864226 -1.3913424 -1.7981666 -0.7971352 -0.97635025 1.7974582 -1.0994614 0.4798705 1.3383096 -0.8105628 -0.39284816 -1.5861139 -1.1123943 0.40051988 -0.21211098 0.48867118 -0.8551531 0.6292009 -0.2874111 -0.094167784 -0.32117307 0.08774768 -0.4758499 -0.673404 -1.3989179 2.5696383 0.11412681 -0.88988054 -3.386224 1.4177744 -2.3531055 2.007574 -0.02776663 -0.5175897 0.16948588 0.24479607 0.21977328 -1.1048255 0.67853653 0.26458126 0.46664852 0.34744853 -0.6971703 0.07529394 -0.10328734 0.29232463 -0.75551176 -0.15750639 -1.0337133 -0.44223008 -0.037888154 -0.5129213 0.11710199 0.020005357 0.10573669 3.2882905 5.284897 -5.894416 4.56128 -3.0695863 -0.038817294 -0.77577174 -1.3840044 0.5944567 -0.23971544 -0.12916291 -0.63861144 -0.8000838 -0.37678015 0.3065926 -0.2495479 -0.2644658 -0.42932028 1.1635544 -0.7421269 -0.040401462 -0.5974041 -0.14017613 -0.7167209 0.9041303 0.38889956 -0.5129277 -0.36837754 0.11356008 -0.03237892 0.8481413 0.31959414 0.6781866 -1.8952265 -1.0358878 1.4485235 -0.97010124 0.47209013 0.84613466 0.6526295 -0.13195378 -0.16980405 -0.21132609 -0.6510786 0.5597863 -1.0514762 -0.41969955 -0.1821478 -0.300903 -0.48992506 0.2591002 0.6499647 -0.1756698 0.1528862 0.7249553 1.5226132 -0.6451911 -1.3345692 -0.3153352 0.27516046 0.08292002 0.52425396 -1.0696759 -0.5446747 0.63723624 -0.10878442 0.5143578 -1.2553929 -0.035165817 -0.048871197 -0.174449 -0.013601956 -0.6295262 0.24527258 0.40340525 -0.9833297 -0.15949716 -0.362897 -0.24999703 0.7781159 0.2075291 -0.32989153 -0.2951268 -0.3731374 -0.39078653 -0.17602636 -0.47488862 0.48340863 1.2570624 -0.23362301 0.68168014 -0.11753349 -0.6262661 0.1744603 0.8030442 0.949794 -0.72072357 0.485921 1.0218967 0.072830796 -0.97579426 -0.54829484 0.028337274 0.16884603 -0.23368675 0.21286249 0.6016448 -0.87810385 0.119284704 -1.1152381 -0.08848348 -0.049543444 -0.21898177 -0.21184066 -0.3566468 -0.32828012 -0.072043054 0.06678287 -0.35430834 -0.14089058 -0.021742586 0.31083518 -0.8958792 0.81525385 -0.5388234 0.33935705 -0.120162524 0.5613354 -0.65769136 
1 -0.14860882 0.2746045 0.13997768 0.4922438 -0.054593705 -0.33490387 -0.031347334 0.4918524 0.0526696 1.6288742 -0.55801105 0.1888582 -0.20030327 -0.47826642 0.057609312 -0.76069593 0.46533418 0.18556997 0.20646568 0.81255716 0.45500895 -0.25736243 -0.57299244 0.6313975 0.4684437 -0.18435656 -0.1506548 0.81519943 0.3173659 0.52231205 -0.26393393 -1.7075883 -0.1572941 -0.073117726 -0.11295778 -0.059589397 -0.5773384 -0.30181247 -0.48110533 -0.40567273 -0.2870414 -0.88590914 -0.041200154 0.04129115 1.2783802 0.22999072 -1.2728626 0.4045177 0.78340167 -0.56301385 -0.48525122 0.5357393 -0.33135253 0.2685031 -0.91734123 0.2896795 -0.59599084 -0.16265842 0.49024123 0.07121716 -0.09689184 0.14233163 -0.42162085 -0.4843507 0.44346133 0.81281364 -0.48764095 0.57325256 0.03568107 -0.118138395 -0.27975485 -0.7116843 1.0196466 -0.72139466 -1.265469 0.60052323 -1.0369072 0.15620753 -0.03740845 0.48098645 0.6541859 -0.47559083 -0.25211614 0.42628863 -0.22447209 0.5239257 -0.45368874 0.8145625 -0.29861104 0.01422823 -0.5101433 -0.112237744 -0.19728547 0.69202596 0.27623105 -0.15342261 0.7566369 -0.7117671 -0.119261764 -1.3109826 -0.022206927 0.71425235 -0.24282837 -1.515876 -0.041072767 0.27197146 -0.50092417 1.0360569 0.6944411 0.069762595 -0.22061798 -0.20339018 -0.0489493 0.5928701 0.124794334 -0.1551778 0.6689021 0.13285384 -0.63730335 -0.45068446 1.3174644 0.03486226 -0.8615615 -0.8340045 -0.21319537 -1.3736123 -1.6682698 0.7515761 0.9670307 -0.75582695 0.3391914 -0.065332755 -0.1297487 0.30228427 0.6864142 -0.7287225 -0.14151385 0.09572267 0.087504074 0.021639409 -0.42012525 -0.11532733 -0.15640198 0.60712063 -0.28206673 -0.17051426 0.109559484 -0.116519235 0.13930666 1.4704496 -0.8449433 0.43318015 0.075053856 -2.4863896 2.534203 -4.422899 2.6450753 3.8055391 -2.82202 -1.7691523 -1.2984356 -0.85845333 -0.44864762 1.049215 -0.2669843 0.1972647 0.6140829 0.7882128 -0.38538358 0.3160757 1.0271634 0.67810297 -0.063191146 0.11979215 -0.07433322 -1.2747031 -2.062525 1.0881128 1.6899046 -0.5018026 0.16993341 -0.46716547 -0.56233484 1.7650352 -0.7345505 -1.2800817 -0.16596466 0.609107 0.012436155 1.0981263 -1.4189978 -1.6687187 -0.17986552 0.32307243 -0.7053401 0.054160498 1.2754887 -0.766882 -0.08467148 0.2792651 0.20023501 -1.3358569 1.8703158 -2.4046202 -1.1187243 0.79524666 -1.395828 0.6274886 -1.0703338 3.6270745 -8.058797 -9.009415 -5.572819 0.72650194 -0.7099958 -0.18649562 -1.9929304 -2.347196 1.438005 -2.3656766 -2.139779 0.012233632 -0.097471155 -0.25614974 0.23593804 -0.77012587 0.27299574 -1.1679989 -1.2755752 1.176015 -1.2304482 1.8081598 -1.6565009 -0.97181326 -0.9523629 0.97507703 -4.3706155 -4.653138 2.1117847 3.34507 4.2847443 -1.0898837 0.41397265 1.0557692 1.3401055 -1.3507239 0.985619 -2.911347 1.0098603 1.0115466 -0.7530309 0.079923354 0.33663538 -0.5878494 0.2036105 0.3885277 -1.5977042 0.6354982 0.26225623 1.8056765 -0.10891566 0.14641863 -0.030783748 -1.6543732 0.50816387 0.9300445 -0.5825977 -1.3755302 -0.14688388 0.6251049 0.22203848 -1.2349219 -0.37398586 0.6883657 0.678885 0.828463 1.6545728 -0.4934268 0.18963167 -0.61092174 0.109668955 0.2678911 -0.6083061 0.24263343 0.016174477 -0.09500902 0.15436956 -0.49524423 0.48130575 1.0995729 0.9091923 -1.1401492 0.73921186 -2.1078389 -1.8398802 0.020584146 -0.49567863 -0.12428795 0.19835421 -0.6732741 -0.76604277 -0.068746865 -0.00505195 0.13532645 -0.74406445 0.14966023 0.24628814 -0.1496214 -0.4356033 -0.13445495 -0.3013815 -0.07879014 -0.18808337 -0.20417859 -0.6835137 1.8537213 0.2765159 -0.71220094 -1.3860931 -0.843369 0.45911574 1.3658383 -0.5662392 1.0645206 -0.050375495 -0.4454163 0.6803667 -1.7444972 2.6088092 2.2267938 1.3933549 -0.16968736 0.1933985 0.80520767 -0.41922668 -0.39347234 0.0403485 -0.74000484 0.51603955 0.8680509 0.89304215 0.8882186 2.0027826 2.2537396 0.9549981 -1.396862 -2.0943472 -0.5536174 0.49383903 1.8111444 4.1389384 1.8525931 -0.59191525 -0.7637277 -2.7830915 1.2958318 1.714247 -1.5910935 -1.2900069 -0.6504803 0.47711834 0.45460355 -0.742746 -0.7160257 0.7009624 -0.36395139 -0.08242861 -0.083724946 0.16098109 1.4122493 3.0215418 1.164783 -0.19983053 1.5666711 -0.010775798 0.6969457 1.1038064 -2.669541 3.9280858 1.8898758 1.088191 2.5818202 2.0570543 1.9059365 1.0731747 1.3358613 -0.37037688 -1.26341 0.59390384 -0.732096 -0.41632307 -0.3143819 -0.52340174 0.36526605 -1.4292768 0.6516225 -0.640877 1.098766 -0.3725956 -0.9423556 0.15539244 -1.2496476 0.93119115 1.1236376 -1.248355 -1.0817399 -2.4177248 -1.5629282 0.70247793 -4.064996 0.5486893 -0.47114885 -0.36145547 -0.9024199 1.2219222 -1.371114 -0.90157765 0.44633457 -0.74801344 0.11555748 0.32345578 -0.34076655 0.6271981 0.12594078 0.43056515 0.47782263 -0.34749147 -0.10175326 -0.24048036 -1.2095003 1.2866808 1.5535157 2.283535 -1.4820732 -0.14728756 -0.86535454 1.1622896 -1.7795746 -0.115804516 -0.39309457 -1.0704983 1.7088064 1.2178944 -1.594618 1.3668206 -0.17172682 -0.1704451 0.4108545 -0.21234146 0.32982582 -1.316409 -0.6189396 0.18449494 0.44803846 0.8942067 0.87562853 0.5367325 1.3692056 2.0404468 2.2917264 1.5497813 1.1950241 0.41336322 0.07465427 -3.410182 0.40531975 -0.786325 -1.9119699 -0.8952135 1.286495 1.1807597 0.28546104 -1.2132915 0.042574663 -0.11978387 -0.24290642 0.33299613 0.7494839 0.032443494 0.08035119 0.17359872 -0.3447383 -0.7191106 -1.0382078 -0.0037851909 1.1115007 3.276594 -0.5045532 -0.3863642 -0.9142165 0.9895769 -0.76191485 0.76426786 -0.292447 -0.8540168 -0.9602269 -2.5920322 -1.7194388 1.1140276 0.84850055 -1.676272 -0.11606608 -0.38939682 0.06558391 -0.5145811 -1.0602661 -0.2910516 -0.080704905 0.3345447 0.89914817 0.90966535 -1.2972404 -0.17186466 -0.17563269 -0.9780912 -0.34091082 -0.2622754 0.14822757 -1.1298809 0.17746167 -1.4321085 -0.7963942 0.33538085 -2.184361 0.41913682 0.49923152 1.1914601 -1.3191786 -0.2422617 0.42942563 0.22730346 -0.50870854 -0.4889351 -0.63074976 0.72268337 -0.07578318 0.17414299 0.06913387 1.5895458 -1.7540392 0.8775178 1.1824188 0.6899627 0.7819518 -3.22802 0.4212307 0.68717664 -0.5495336 -0.14526965 0.20432402 0.18822844 -2.5351794 -0.06355294 -0.051184133 -0.64687276 0.44870555 -0.99674463 0.42409548 1.4881536 0.92034084 -0.16686527 0.6802411 -0.024140619 -0.07928299 0.022943031 -0.7244316 0.09992181 -1.7495524 2.7926996 2.4265232 2.6631856 -4.0209355 -3.0742304 -1.373538 -2.1353176 0.23080575 0.51753676 0.5818917 0.70412964 0.7860295 -0.60684216 0.03872403 0.50092995 0.25498775 0.07246026 -1.1784894 -0.28419334 -0.7328477 -0.4332633 0.15708993 -0.20172417 -0.29789978 -0.60918486 -1.0476565 -0.7240344 -3.0770056 -2.5336003 1.4113256 1.750313 -3.1404064 -1.9134303 -1.4782121 -2.0700617 -1.5382353 -0.42486107 1.4068979 -0.8594516 0.35693002 0.6952408 -0.9406029 -0.5822093 0.4675773 0.19691476 -0.81102306 0.2754952 0.36183137 0.21921597 0.36060673 -0.16040047 0.1729599 -0.1504771 -0.34560743 -1.0665622 -1.9157015 -0.55390185 1.4183966 -0.09291808 2.6253037 0.40062648 1.7216297 1.0400356 -2.684427 -2.4716122 0.61575335 0.31010193 -0.16052952 0.7382094 0.58701015 -0.3423037 -0.501242 0.15728585 0.099261336 0.35055706 -0.3526795 -0.5729077 0.520938 0.10216698 -0.37215784 0.64705294 -0.33839586 -0.8686793 -1.4097105 0.71991163 0.4529094 -1.0780987 -2.0517888 -1.8374839 1.7370312 -2.2126985 2.4509156 1.428621 1.0036898 0.170934 -0.13076118 0.2728204 0.14774807 1.2639873 0.22414654 -0.45097482 0.23857242 -0.20490842 0.20030199 -0.3715033 -0.5640044 -0.5013434 -0.84823185 -0.5365785 0.55570775 -0.9754919 -0.43602985 0.5631571 -0.28486237 -1.5080119 1.1047537 0.019481469 -0.89871037 1.8194094 -1.1771597 0.6763331 -0.0029421402 0.70289016 -1.0125297 1.3640908 1.194502 -1.2190773 -1.2548745 -0.60964394 -0.4170084 -0.7455265 0.26965556 0.93087155 -0.95949197 -1.06874 0.8011925 0.8419831 -0.07032392 -0.75719523 -0.72127634 -0.6268489 -0.47494215 -0.29490605 0.5559845 2.1045918 0.36843884 -0.65172505 1.6236393 1.7441618 2.7566874 -2.2581356 2.5676684 2.5390139 1.619337 -1.0115625 -1.1389529 -0.025423003 0.97437114 -0.9597972 -1.2773253 0.8714543 0.1556664 0.25949448 -1.0716625 0.116099305 -0.25187972 -0.386871 0.8578676 0.70298463 0.40064475 0.58197224 -0.6699115 0.12021362 -0.26338303 0.17273353 -0.3683694 1.330413 -1.0321443 -0.82276136 0.71634847 0.55894166 -0.4627786 -0.48003495 0.58369046 -1.0084649 0.39205432 0.13827053 -0.66453457 0.20619057 0.02520441 0.17561279 -0.7897107 -1.2356659 0.43322974 0.09519006 0.066683315 -0.08194596 0.3359408 -0.8880079 -0.47595942 -0.4280723 0.035241596 -0.33031383 0.56073165 -0.0032127567 0.61374056 0.18986328 -0.91414887 -0.41194648 0.08298486 -0.9286825 -0.92852855 -0.5516039 0.7644981 -0.1937688 -0.9228905 
